------- BEAMDYN V1.00.* INDIVIDUAL BLADE INPUT FILE --------------------------
! Converted by hawc2ToBeamDyn.py from DTU_10MW_RWT_master.htc - Written using hawc2ToBeamDyn.py 
---------------------- BLADE PARAMETERS --------------------------------------
   32  station_total    - Number of blade input stations (-)
    1  damp_type        - Damping type (switch): 0: no damping; 1: viscous damping
---------------------- DAMPING COEFFICIENT------------------------------------
   mu1        mu2        mu3        mu4        mu5        mu6
   (s)        (s)        (s)        (s)        (s)        (s)
 0.015527311521160521 0.009834496998469331 0.0033197624145710827 0.009834496998469331 0.015527311521160521 0.0033197624145710827 
---------------------- DISTRIBUTED PROPERTIES---------------------------------
0.000000
   2.508243E+09 0.000000E+00 0.000000E+00 0.000000E+00 0.000000E+00 0.000000E+00
   0.000000E+00 1.942784E+09 0.000000E+00 0.000000E+00 0.000000E+00 0.000000E+00
   0.000000E+00 0.000000E+00 1.778616E+10 0.000000E+00 -0.000000E+00 0.000000E+00
   0.000000E+00 0.000000E+00 0.000000E+00 6.101151E+10 -0.000000E+00 0.000000E+00
   0.000000E+00 0.000000E+00 -0.000000E+00 -0.000000E+00 6.187247E+10 0.000000E+00
   0.000000E+00 0.000000E+00 0.000000E+00 0.000000E+00 0.000000E+00 2.745579E+10

   1.189511E+03 0.000000E+00 0.000000E+00 0.000000E+00 0.000000E+00 -0.000000E+00
   0.000000E+00 1.189511E+03 0.000000E+00 0.000000E+00 0.000000E+00 0.000000E+00
   0.000000E+00 0.000000E+00 1.189511E+03 0.000000E+00 -0.000000E+00 0.000000E+00
   0.000000E+00 0.000000E+00 0.000000E+00 3.706499E+03 -0.000000E+00 0.000000E+00
   0.000000E+00 0.000000E+00 -0.000000E+00 -0.000000E+00 3.957334E+03 0.000000E+00
   -0.000000E+00 0.000000E+00 0.000000E+00 0.000000E+00 0.000000E+00 7.663832E+03

0.032258
   2.498634E+09 0.000000E+00 0.000000E+00 0.000000E+00 0.000000E+00 -6.777839E+06
   0.000000E+00 1.958598E+09 0.000000E+00 0.000000E+00 0.000000E+00 -1.783331E+07
   0.000000E+00 0.000000E+00 1.795039E+10 1.117629E+08 6.582445E+07 0.000000E+00
   0.000000E+00 0.000000E+00 1.117629E+08 6.112411E+10 4.098368E+05 0.000000E+00
   0.000000E+00 0.000000E+00 6.582445E+07 4.098368E+05 6.254616E+10 0.000000E+00
   -6.777839E+06 -1.783331E+07 0.000000E+00 0.000000E+00 0.000000E+00 2.741111E+10

   1.196607E+03 0.000000E+00 0.000000E+00 0.000000E+00 0.000000E+00 -9.908295E+00
   0.000000E+00 1.196607E+03 0.000000E+00 0.000000E+00 0.000000E+00 -5.464119E+00
   0.000000E+00 0.000000E+00 1.196607E+03 9.908295E+00 5.464119E+00 0.000000E+00
   0.000000E+00 0.000000E+00 9.908295E+00 3.717898E+03 4.524467E-02 0.000000E+00
   0.000000E+00 0.000000E+00 5.464119E+00 4.524467E-02 3.974167E+03 0.000000E+00
   -9.908295E+00 -5.464119E+00 0.000000E+00 0.000000E+00 0.000000E+00 7.692064E+03

0.064516
   2.329127E+09 0.000000E+00 0.000000E+00 0.000000E+00 0.000000E+00 4.773238E+06
   0.000000E+00 1.947987E+09 0.000000E+00 0.000000E+00 0.000000E+00 7.317177E+06
   0.000000E+00 0.000000E+00 1.760978E+10 3.585841E+08 1.070587E+08 0.000000E+00
   0.000000E+00 0.000000E+00 3.585841E+08 5.778957E+10 2.180014E+06 0.000000E+00
   0.000000E+00 0.000000E+00 1.070587E+08 2.180014E+06 5.981003E+10 0.000000E+00
   4.773238E+06 7.317177E+06 0.000000E+00 0.000000E+00 0.000000E+00 2.538421E+10

   1.168050E+03 0.000000E+00 0.000000E+00 0.000000E+00 0.000000E+00 -2.616044E+01
   0.000000E+00 1.168050E+03 0.000000E+00 0.000000E+00 0.000000E+00 -8.340022E+00
   0.000000E+00 0.000000E+00 1.168050E+03 2.616044E+01 8.340022E+00 0.000000E+00
   0.000000E+00 0.000000E+00 2.616044E+01 3.561733E+03 1.867887E-01 0.000000E+00
   0.000000E+00 0.000000E+00 8.340022E+00 1.867887E-01 3.739750E+03 0.000000E+00
   -2.616044E+01 -8.340022E+00 0.000000E+00 0.000000E+00 0.000000E+00 7.301483E+03

0.096774
   1.858843E+09 -2.935082E+07 0.000000E+00 0.000000E+00 0.000000E+00 7.776577E+07
   -2.935082E+07 1.821553E+09 0.000000E+00 0.000000E+00 0.000000E+00 2.955030E+07
   0.000000E+00 0.000000E+00 1.625017E+10 2.219429E+08 1.901026E+08 0.000000E+00
   0.000000E+00 0.000000E+00 2.219429E+08 5.062404E+10 -1.741671E+09 0.000000E+00
   0.000000E+00 0.000000E+00 1.901026E+08 -1.741671E+09 4.840715E+10 0.000000E+00
   7.776577E+07 2.955030E+07 0.000000E+00 0.000000E+00 0.000000E+00 1.958978E+10

   1.070371E+03 0.000000E+00 0.000000E+00 0.000000E+00 0.000000E+00 -3.547947E+01
   0.000000E+00 1.070371E+03 0.000000E+00 0.000000E+00 0.000000E+00 -1.799380E+01
   0.000000E+00 0.000000E+00 1.070371E+03 3.547947E+01 1.799380E+01 0.000000E+00
   0.000000E+00 0.000000E+00 3.547947E+01 3.115637E+03 -9.582163E+01 0.000000E+00
   0.000000E+00 0.000000E+00 1.799380E+01 -9.582163E+01 2.992264E+03 0.000000E+00
   -3.547947E+01 -1.799380E+01 0.000000E+00 0.000000E+00 0.000000E+00 6.107901E+03

0.129032
   1.442228E+09 1.078992E+08 0.000000E+00 0.000000E+00 0.000000E+00 2.749950E+08
   1.078992E+08 1.538312E+09 0.000000E+00 0.000000E+00 0.000000E+00 7.715091E+07
   0.000000E+00 0.000000E+00 1.454608E+10 9.812544E+07 4.496900E+08 0.000000E+00
   0.000000E+00 0.000000E+00 9.812544E+07 3.962748E+10 -3.899268E+09 0.000000E+00
   0.000000E+00 0.000000E+00 4.496900E+08 -3.899268E+09 3.616573E+10 0.000000E+00
   2.749950E+08 7.715091E+07 0.000000E+00 0.000000E+00 0.000000E+00 1.287730E+10

   9.557817E+02 0.000000E+00 0.000000E+00 0.000000E+00 0.000000E+00 -4.575310E+01
   0.000000E+00 9.557817E+02 0.000000E+00 0.000000E+00 0.000000E+00 -3.195527E+01
   0.000000E+00 0.000000E+00 9.557817E+02 4.575310E+01 3.195527E+01 0.000000E+00
   0.000000E+00 0.000000E+00 4.575310E+01 2.464240E+03 -2.435148E+02 0.000000E+00
   0.000000E+00 0.000000E+00 3.195527E+01 -2.435148E+02 2.244907E+03 0.000000E+00
   -4.575310E+01 -3.195527E+01 0.000000E+00 0.000000E+00 0.000000E+00 4.709148E+03

0.161290
   1.056289E+09 1.408924E+08 0.000000E+00 0.000000E+00 0.000000E+00 4.291545E+08
   1.408924E+08 1.401456E+09 0.000000E+00 0.000000E+00 0.000000E+00 8.501513E+07
   0.000000E+00 0.000000E+00 1.331439E+10 3.375866E+08 7.510617E+08 0.000000E+00
   0.000000E+00 0.000000E+00 3.375866E+08 3.294942E+10 -3.434408E+09 0.000000E+00
   0.000000E+00 0.000000E+00 7.510617E+08 -3.434408E+09 2.452276E+10 0.000000E+00
   4.291545E+08 8.501513E+07 0.000000E+00 0.000000E+00 0.000000E+00 7.881200E+09

   8.728924E+02 0.000000E+00 0.000000E+00 0.000000E+00 0.000000E+00 -7.032819E+01
   0.000000E+00 8.728924E+02 0.000000E+00 0.000000E+00 0.000000E+00 -4.468297E+01
   0.000000E+00 0.000000E+00 8.728924E+02 7.032819E+01 4.468297E+01 0.000000E+00
   0.000000E+00 0.000000E+00 7.032819E+01 2.170671E+03 -2.714622E+02 0.000000E+00
   0.000000E+00 0.000000E+00 4.468297E+01 -2.714622E+02 1.493428E+03 0.000000E+00
   -7.032819E+01 -4.468297E+01 0.000000E+00 0.000000E+00 0.000000E+00 3.664099E+03

0.193548
   8.153034E+08 1.168669E+08 0.000000E+00 0.000000E+00 0.000000E+00 4.362701E+08
   1.168669E+08 1.317474E+09 0.000000E+00 0.000000E+00 0.000000E+00 7.143211E+07
   0.000000E+00 0.000000E+00 1.223395E+10 5.580561E+08 8.708564E+08 0.000000E+00
   0.000000E+00 0.000000E+00 5.580561E+08 2.884157E+10 -2.640929E+09 0.000000E+00
   0.000000E+00 0.000000E+00 8.708564E+08 -2.640929E+09 1.735949E+10 0.000000E+00
   4.362701E+08 7.143211E+07 0.000000E+00 0.000000E+00 0.000000E+00 5.152602E+09

   8.072345E+02 0.000000E+00 0.000000E+00 0.000000E+00 0.000000E+00 -1.037277E+02
   0.000000E+00 8.072345E+02 0.000000E+00 0.000000E+00 0.000000E+00 -5.009523E+01
   0.000000E+00 0.000000E+00 8.072345E+02 1.037277E+02 5.009523E+01 0.000000E+00
   0.000000E+00 0.000000E+00 1.037277E+02 2.018095E+03 -2.219512E+02 0.000000E+00
   0.000000E+00 0.000000E+00 5.009523E+01 -2.219512E+02 1.026504E+03 0.000000E+00
   -1.037277E+02 -5.009523E+01 0.000000E+00 0.000000E+00 0.000000E+00 3.044599E+03

0.225806
   6.869867E+08 6.409951E+07 0.000000E+00 0.000000E+00 0.000000E+00 3.274999E+08
   6.409951E+07 1.090261E+09 0.000000E+00 0.000000E+00 0.000000E+00 5.205043E+07
   0.000000E+00 0.000000E+00 1.098058E+10 7.398495E+08 8.074186E+08 0.000000E+00
   0.000000E+00 0.000000E+00 7.398495E+08 2.503343E+10 -1.870042E+09 0.000000E+00
   0.000000E+00 0.000000E+00 8.074186E+08 -1.870042E+09 1.293555E+10 0.000000E+00
   3.274999E+08 5.205043E+07 0.000000E+00 0.000000E+00 0.000000E+00 3.477456E+09

   7.339788E+02 0.000000E+00 0.000000E+00 0.000000E+00 0.000000E+00 -1.416132E+02
   0.000000E+00 7.339788E+02 0.000000E+00 0.000000E+00 0.000000E+00 -4.710642E+01
   0.000000E+00 0.000000E+00 7.339788E+02 1.416132E+02 4.710642E+01 0.000000E+00
   0.000000E+00 0.000000E+00 1.416132E+02 1.874945E+03 -1.656415E+02 0.000000E+00
   0.000000E+00 0.000000E+00 4.710642E+01 -1.656415E+02 7.513527E+02 0.000000E+00
   -1.416132E+02 -4.710642E+01 0.000000E+00 0.000000E+00 0.000000E+00 2.626298E+03

0.258065
   5.899673E+08 3.334940E+07 0.000000E+00 0.000000E+00 0.000000E+00 2.908424E+08
   3.334940E+07 8.544120E+08 0.000000E+00 0.000000E+00 0.000000E+00 2.975224E+07
   0.000000E+00 0.000000E+00 9.868171E+09 5.166338E+08 6.830153E+08 0.000000E+00
   0.000000E+00 0.000000E+00 5.166338E+08 2.127738E+10 -1.381648E+09 0.000000E+00
   0.000000E+00 0.000000E+00 6.830153E+08 -1.381648E+09 1.005825E+10 0.000000E+00
   2.908424E+08 2.975224E+07 0.000000E+00 0.000000E+00 0.000000E+00 2.438896E+09

   6.674212E+02 0.000000E+00 0.000000E+00 0.000000E+00 0.000000E+00 -1.369029E+02
   0.000000E+00 6.674212E+02 0.000000E+00 0.000000E+00 0.000000E+00 -4.140104E+01
   0.000000E+00 0.000000E+00 6.674212E+02 1.369029E+02 4.140104E+01 0.000000E+00
   0.000000E+00 0.000000E+00 1.369029E+02 1.672366E+03 -1.260711E+02 0.000000E+00
   0.000000E+00 0.000000E+00 4.140104E+01 -1.260711E+02 5.798301E+02 0.000000E+00
   -1.369029E+02 -4.140104E+01 0.000000E+00 0.000000E+00 0.000000E+00 2.252196E+03

0.290323
   5.288737E+08 1.618222E+07 0.000000E+00 0.000000E+00 0.000000E+00 2.666165E+08
   1.618222E+07 6.873495E+08 0.000000E+00 0.000000E+00 0.000000E+00 1.247416E+07
   0.000000E+00 0.000000E+00 9.058849E+09 3.494793E+08 6.219024E+08 0.000000E+00
   0.000000E+00 0.000000E+00 3.494793E+08 1.866932E+10 -1.072849E+09 0.000000E+00
   0.000000E+00 0.000000E+00 6.219024E+08 -1.072849E+09 7.956930E+09 0.000000E+00
   2.666165E+08 1.247416E+07 0.000000E+00 0.000000E+00 0.000000E+00 1.791094E+09

   6.171969E+02 0.000000E+00 0.000000E+00 0.000000E+00 0.000000E+00 -1.284518E+02
   0.000000E+00 6.171969E+02 0.000000E+00 0.000000E+00 0.000000E+00 -3.857821E+01
   0.000000E+00 0.000000E+00 6.171969E+02 1.284518E+02 3.857821E+01 0.000000E+00
   0.000000E+00 0.000000E+00 1.284518E+02 1.509572E+03 -9.702501E+01 0.000000E+00
   0.000000E+00 0.000000E+00 3.857821E+01 -9.702501E+01 4.564342E+02 0.000000E+00
   -1.284518E+02 -3.857821E+01 0.000000E+00 0.000000E+00 0.000000E+00 1.966006E+03

0.322581
   4.886796E+08 9.151202E+06 0.000000E+00 0.000000E+00 0.000000E+00 2.335615E+08
   9.151202E+06 6.023434E+08 0.000000E+00 0.000000E+00 0.000000E+00 -2.826143E+06
   0.000000E+00 0.000000E+00 8.576215E+09 6.877878E+08 6.315208E+08 0.000000E+00
   0.000000E+00 0.000000E+00 6.877878E+08 1.777721E+10 -8.719221E+08 0.000000E+00
   0.000000E+00 0.000000E+00 6.315208E+08 -8.719221E+08 6.309671E+09 0.000000E+00
   2.335615E+08 -2.826143E+06 0.000000E+00 0.000000E+00 0.000000E+00 1.375627E+09

   5.824596E+02 0.000000E+00 0.000000E+00 0.000000E+00 0.000000E+00 -1.425389E+02
   0.000000E+00 5.824596E+02 0.000000E+00 0.000000E+00 0.000000E+00 -3.924488E+01
   0.000000E+00 0.000000E+00 5.824596E+02 1.425389E+02 3.924488E+01 0.000000E+00
   0.000000E+00 0.000000E+00 1.425389E+02 1.406857E+03 -7.204981E+01 0.000000E+00
   0.000000E+00 0.000000E+00 3.924488E+01 -7.204981E+01 3.604281E+02 0.000000E+00
   -1.425389E+02 -3.924488E+01 0.000000E+00 0.000000E+00 0.000000E+00 1.767285E+03

0.354839
   4.566136E+08 8.291177E+06 0.000000E+00 0.000000E+00 0.000000E+00 2.132454E+08
   8.291177E+06 5.694888E+08 0.000000E+00 0.000000E+00 0.000000E+00 -9.654969E+06
   0.000000E+00 0.000000E+00 8.294119E+09 5.460780E+08 6.376874E+08 0.000000E+00
   0.000000E+00 0.000000E+00 5.460780E+08 1.578788E+10 -7.355378E+08 0.000000E+00
   0.000000E+00 0.000000E+00 6.376874E+08 -7.355378E+08 5.215846E+09 0.000000E+00
   2.132454E+08 -9.654969E+06 0.000000E+00 0.000000E+00 0.000000E+00 1.128047E+09

   5.573685E+02 0.000000E+00 0.000000E+00 0.000000E+00 0.000000E+00 -1.328075E+02
   0.000000E+00 5.573685E+02 0.000000E+00 0.000000E+00 0.000000E+00 -3.914349E+01
   0.000000E+00 0.000000E+00 5.573685E+02 1.328075E+02 3.914349E+01 0.000000E+00
   0.000000E+00 0.000000E+00 1.328075E+02 1.251867E+03 -5.884170E+01 0.000000E+00
   0.000000E+00 0.000000E+00 3.914349E+01 -5.884170E+01 2.949308E+02 0.000000E+00
   -1.328075E+02 -3.914349E+01 0.000000E+00 0.000000E+00 0.000000E+00 1.546798E+03

0.387097
   4.184986E+08 7.993579E+06 0.000000E+00 0.000000E+00 0.000000E+00 1.876911E+08
   7.993579E+06 5.352903E+08 0.000000E+00 0.000000E+00 0.000000E+00 -9.565000E+06
   0.000000E+00 0.000000E+00 7.936911E+09 2.906137E+08 5.790437E+08 0.000000E+00
   0.000000E+00 0.000000E+00 2.906137E+08 1.339946E+10 -6.037444E+08 0.000000E+00
   0.000000E+00 0.000000E+00 5.790437E+08 -6.037444E+08 4.300167E+09 0.000000E+00
   1.876911E+08 -9.565000E+06 0.000000E+00 0.000000E+00 0.000000E+00 9.093314E+08

   5.276170E+02 0.000000E+00 0.000000E+00 0.000000E+00 0.000000E+00 -1.154235E+02
   0.000000E+00 5.276170E+02 0.000000E+00 0.000000E+00 0.000000E+00 -3.486154E+01
   0.000000E+00 0.000000E+00 5.276170E+02 1.154235E+02 3.486154E+01 0.000000E+00
   0.000000E+00 0.000000E+00 1.154235E+02 1.076809E+03 -4.798651E+01 0.000000E+00
   0.000000E+00 0.000000E+00 3.486154E+01 -4.798651E+01 2.413186E+02 0.000000E+00
   -1.154235E+02 -3.486154E+01 0.000000E+00 0.000000E+00 0.000000E+00 1.318128E+03

0.419355
   3.831650E+08 7.994544E+06 0.000000E+00 0.000000E+00 0.000000E+00 1.645012E+08
   7.994544E+06 5.158705E+08 0.000000E+00 0.000000E+00 0.000000E+00 -5.092732E+06
   0.000000E+00 0.000000E+00 7.614501E+09 2.203287E+08 4.774328E+08 0.000000E+00
   0.000000E+00 0.000000E+00 2.203287E+08 1.172460E+10 -4.809824E+08 0.000000E+00
   0.000000E+00 0.000000E+00 4.774328E+08 -4.809824E+08 3.534774E+09 0.000000E+00
   1.645012E+08 -5.092732E+06 0.000000E+00 0.000000E+00 0.000000E+00 7.506812E+08

   4.990898E+02 0.000000E+00 0.000000E+00 0.000000E+00 0.000000E+00 -1.012370E+02
   0.000000E+00 4.990898E+02 0.000000E+00 0.000000E+00 0.000000E+00 -2.795104E+01
   0.000000E+00 0.000000E+00 4.990898E+02 1.012370E+02 2.795104E+01 0.000000E+00
   0.000000E+00 0.000000E+00 1.012370E+02 9.327644E+02 -3.754539E+01 0.000000E+00
   0.000000E+00 0.000000E+00 2.795104E+01 -3.754539E+01 1.964456E+02 0.000000E+00
   -1.012370E+02 -2.795104E+01 0.000000E+00 0.000000E+00 0.000000E+00 1.129210E+03

0.451613
   3.502484E+08 6.843837E+06 0.000000E+00 0.000000E+00 0.000000E+00 1.437490E+08
   6.843837E+06 4.795865E+08 0.000000E+00 0.000000E+00 0.000000E+00 2.932018E+04
   0.000000E+00 0.000000E+00 7.252733E+09 1.782672E+08 3.694873E+08 0.000000E+00
   0.000000E+00 0.000000E+00 1.782672E+08 1.009016E+10 -3.732912E+08 0.000000E+00
   0.000000E+00 0.000000E+00 3.694873E+08 -3.732912E+08 2.878333E+09 0.000000E+00
   1.437490E+08 2.932018E+04 0.000000E+00 0.000000E+00 0.000000E+00 6.064027E+08

   4.717392E+02 0.000000E+00 0.000000E+00 0.000000E+00 0.000000E+00 -9.052072E+01
   0.000000E+00 4.717392E+02 0.000000E+00 0.000000E+00 0.000000E+00 -2.094693E+01
   0.000000E+00 0.000000E+00 4.717392E+02 9.052072E+01 2.094693E+01 0.000000E+00
   0.000000E+00 0.000000E+00 9.052072E+01 7.999446E+02 -2.903115E+01 0.000000E+00
   0.000000E+00 0.000000E+00 2.094693E+01 -2.903115E+01 1.588991E+02 0.000000E+00
   -9.052072E+01 -2.094693E+01 0.000000E+00 0.000000E+00 0.000000E+00 9.588437E+02

0.483871
   3.152065E+08 6.670466E+06 0.000000E+00 0.000000E+00 0.000000E+00 1.216906E+08
   6.670466E+06 4.591618E+08 0.000000E+00 0.000000E+00 0.000000E+00 5.067430E+06
   0.000000E+00 0.000000E+00 6.854725E+09 1.263350E+08 2.614827E+08 0.000000E+00
   0.000000E+00 0.000000E+00 1.263350E+08 8.497985E+09 -2.817290E+08 0.000000E+00
   0.000000E+00 0.000000E+00 2.614827E+08 -2.817290E+08 2.321635E+09 0.000000E+00
   1.216906E+08 5.067430E+06 0.000000E+00 0.000000E+00 0.000000E+00 4.905693E+08

   4.418998E+02 0.000000E+00 0.000000E+00 0.000000E+00 0.000000E+00 -8.291118E+01
   0.000000E+00 4.418998E+02 0.000000E+00 0.000000E+00 0.000000E+00 -1.406141E+01
   0.000000E+00 0.000000E+00 4.418998E+02 8.291118E+01 1.406141E+01 0.000000E+00
   0.000000E+00 0.000000E+00 8.291118E+01 6.764309E+02 -2.209892E+01 0.000000E+00
   0.000000E+00 0.000000E+00 1.406141E+01 -2.209892E+01 1.274690E+02 0.000000E+00
   -8.291118E+01 -1.406141E+01 0.000000E+00 0.000000E+00 0.000000E+00 8.038999E+02

0.516129
   2.891901E+08 5.669900E+06 0.000000E+00 0.000000E+00 0.000000E+00 1.062738E+08
   5.669900E+06 4.291289E+08 0.000000E+00 0.000000E+00 0.000000E+00 9.100946E+06
   0.000000E+00 0.000000E+00 6.437130E+09 4.873362E+07 1.652614E+08 0.000000E+00
   0.000000E+00 0.000000E+00 4.873362E+07 7.064543E+09 -2.092265E+08 0.000000E+00
   0.000000E+00 0.000000E+00 1.652614E+08 -2.092265E+08 1.873620E+09 0.000000E+00
   1.062738E+08 9.100946E+06 0.000000E+00 0.000000E+00 0.000000E+00 3.987116E+08

   4.108053E+02 0.000000E+00 0.000000E+00 0.000000E+00 0.000000E+00 -6.917970E+01
   0.000000E+00 4.108053E+02 0.000000E+00 0.000000E+00 0.000000E+00 -8.111158E+00
   0.000000E+00 0.000000E+00 4.108053E+02 6.917970E+01 8.111158E+00 0.000000E+00
   0.000000E+00 0.000000E+00 6.917970E+01 5.598422E+02 -1.672161E+01 0.000000E+00
   0.000000E+00 0.000000E+00 8.111158E+00 -1.672161E+01 1.019344E+02 0.000000E+00
   -6.917970E+01 -8.111158E+00 0.000000E+00 0.000000E+00 0.000000E+00 6.617767E+02

0.548387
   2.614972E+08 4.947671E+06 0.000000E+00 0.000000E+00 0.000000E+00 9.097370E+07
   4.947671E+06 4.026604E+08 0.000000E+00 0.000000E+00 0.000000E+00 1.215265E+07
   0.000000E+00 0.000000E+00 6.014172E+09 1.289361E+07 8.593632E+07 0.000000E+00
   0.000000E+00 0.000000E+00 1.289361E+07 5.837992E+09 -1.517918E+08 0.000000E+00
   0.000000E+00 0.000000E+00 8.593632E+07 -1.517918E+08 1.503126E+09 0.000000E+00
   9.097370E+07 1.215265E+07 0.000000E+00 0.000000E+00 0.000000E+00 3.223106E+08

   3.809334E+02 0.000000E+00 0.000000E+00 0.000000E+00 0.000000E+00 -5.836080E+01
   0.000000E+00 3.809334E+02 0.000000E+00 0.000000E+00 0.000000E+00 -3.349987E+00
   0.000000E+00 0.000000E+00 3.809334E+02 5.836080E+01 3.349987E+00 0.000000E+00
   0.000000E+00 0.000000E+00 5.836080E+01 4.617143E+02 -1.250484E+01 0.000000E+00
   0.000000E+00 0.000000E+00 3.349987E+00 -1.250484E+01 8.138065E+01 0.000000E+00
   -5.836080E+01 -3.349987E+00 0.000000E+00 0.000000E+00 0.000000E+00 5.430949E+02

0.580645
   2.365541E+08 4.003368E+06 0.000000E+00 0.000000E+00 0.000000E+00 7.756184E+07
   4.003368E+06 3.695537E+08 0.000000E+00 0.000000E+00 0.000000E+00 1.403596E+07
   0.000000E+00 0.000000E+00 5.578665E+09 -1.437846E+07 2.372239E+07 0.000000E+00
   0.000000E+00 0.000000E+00 -1.437846E+07 4.775837E+09 -1.076479E+08 0.000000E+00
   0.000000E+00 0.000000E+00 2.372239E+07 -1.076479E+08 1.201659E+09 0.000000E+00
   7.756184E+07 1.403596E+07 0.000000E+00 0.000000E+00 0.000000E+00 2.574619E+08

   3.501251E+02 0.000000E+00 0.000000E+00 0.000000E+00 0.000000E+00 -4.782114E+01
   0.000000E+00 3.501251E+02 0.000000E+00 0.000000E+00 0.000000E+00 2.769949E-01
   0.000000E+00 0.000000E+00 3.501251E+02 4.782114E+01 -2.769949E-01 0.000000E+00
   0.000000E+00 0.000000E+00 4.782114E+01 3.744427E+02 -9.160557E+00 0.000000E+00
   0.000000E+00 0.000000E+00 -2.769949E-01 -9.160557E+00 6.483680E+01 0.000000E+00
   -4.782114E+01 2.769949E-01 0.000000E+00 0.000000E+00 0.000000E+00 4.392795E+02

0.612903
   2.167228E+08 3.408458E+06 0.000000E+00 0.000000E+00 0.000000E+00 6.643984E+07
   3.408458E+06 3.463189E+08 0.000000E+00 0.000000E+00 0.000000E+00 1.519736E+07
   0.000000E+00 0.000000E+00 5.156252E+09 -5.105398E+07 -2.193157E+07 0.000000E+00
   0.000000E+00 0.000000E+00 -5.105398E+07 3.813215E+09 -7.464460E+07 0.000000E+00
   0.000000E+00 0.000000E+00 -2.193157E+07 -7.464460E+07 9.664139E+08 0.000000E+00
   6.643984E+07 1.519736E+07 0.000000E+00 0.000000E+00 0.000000E+00 2.101565E+08

   3.199787E+02 0.000000E+00 0.000000E+00 0.000000E+00 0.000000E+00 -3.817526E+01
   0.000000E+00 3.199787E+02 0.000000E+00 0.000000E+00 0.000000E+00 2.830675E+00
   0.000000E+00 0.000000E+00 3.199787E+02 3.817526E+01 -2.830675E+00 0.000000E+00
   0.000000E+00 0.000000E+00 3.817526E+01 2.958571E+02 -6.637878E+00 0.000000E+00
   0.000000E+00 0.000000E+00 -2.830675E+00 -6.637878E+00 5.178326E+01 0.000000E+00
   -3.817526E+01 2.830675E+00 0.000000E+00 0.000000E+00 0.000000E+00 3.476403E+02

0.645161
   1.987908E+08 2.581629E+06 0.000000E+00 0.000000E+00 0.000000E+00 5.757634E+07
   2.581629E+06 3.135093E+08 0.000000E+00 0.000000E+00 0.000000E+00 1.513140E+07
   0.000000E+00 0.000000E+00 4.735700E+09 -6.166378E+07 -5.189772E+07 0.000000E+00
   0.000000E+00 0.000000E+00 -6.166378E+07 3.046189E+09 -5.048747E+07 0.000000E+00
   0.000000E+00 0.000000E+00 -5.189772E+07 -5.048747E+07 7.724410E+08 0.000000E+00
   5.757634E+07 1.513140E+07 0.000000E+00 0.000000E+00 0.000000E+00 1.695490E+08

   2.915046E+02 0.000000E+00 0.000000E+00 0.000000E+00 0.000000E+00 -3.025543E+01
   0.000000E+00 2.915046E+02 0.000000E+00 0.000000E+00 0.000000E+00 4.402884E+00
   0.000000E+00 0.000000E+00 2.915046E+02 3.025543E+01 -4.402884E+00 0.000000E+00
   0.000000E+00 0.000000E+00 3.025543E+01 2.356449E+02 -4.761764E+00 0.000000E+00
   0.000000E+00 0.000000E+00 -4.402884E+00 -4.761764E+00 4.128169E+01 0.000000E+00
   -3.025543E+01 4.402884E+00 0.000000E+00 0.000000E+00 0.000000E+00 2.769266E+02

0.677419
   1.784705E+08 2.244177E+06 0.000000E+00 0.000000E+00 0.000000E+00 4.686550E+07
   2.244177E+06 2.921705E+08 0.000000E+00 0.000000E+00 0.000000E+00 1.484037E+07
   0.000000E+00 0.000000E+00 4.284816E+09 -4.097157E+07 -7.034555E+07 0.000000E+00
   0.000000E+00 0.000000E+00 -4.097157E+07 2.400706E+09 -3.460903E+07 0.000000E+00
   0.000000E+00 0.000000E+00 -7.034555E+07 -3.460903E+07 6.139415E+08 0.000000E+00
   4.686550E+07 1.484037E+07 0.000000E+00 0.000000E+00 0.000000E+00 1.355780E+08

   2.628199E+02 0.000000E+00 0.000000E+00 0.000000E+00 0.000000E+00 -2.549900E+01
   0.000000E+00 2.628199E+02 0.000000E+00 0.000000E+00 0.000000E+00 5.312650E+00
   0.000000E+00 0.000000E+00 2.628199E+02 2.549900E+01 -5.312650E+00 0.000000E+00
   0.000000E+00 0.000000E+00 2.549900E+01 1.854479E+02 -3.483450E+00 0.000000E+00
   0.000000E+00 0.000000E+00 -5.312650E+00 -3.483450E+00 3.270864E+01 0.000000E+00
   -2.549900E+01 5.312650E+00 0.000000E+00 0.000000E+00 0.000000E+00 2.181566E+02

0.709677
   1.607424E+08 1.734029E+06 0.000000E+00 0.000000E+00 0.000000E+00 3.952140E+07
   1.734029E+06 2.623940E+08 0.000000E+00 0.000000E+00 0.000000E+00 1.367315E+07
   0.000000E+00 0.000000E+00 3.837564E+09 -4.219634E+07 -7.728404E+07 0.000000E+00
   0.000000E+00 0.000000E+00 -4.219634E+07 1.860382E+09 -2.263924E+07 0.000000E+00
   0.000000E+00 0.000000E+00 -7.728404E+07 -2.263924E+07 4.845087E+08 0.000000E+00
   3.952140E+07 1.367315E+07 0.000000E+00 0.000000E+00 0.000000E+00 1.088347E+08

   2.338928E+02 0.000000E+00 0.000000E+00 0.000000E+00 0.000000E+00 -2.026549E+01
   0.000000E+00 2.338928E+02 0.000000E+00 0.000000E+00 0.000000E+00 5.522227E+00
   0.000000E+00 0.000000E+00 2.338928E+02 2.026549E+01 -5.522227E+00 0.000000E+00
   0.000000E+00 0.000000E+00 2.026549E+01 1.429954E+02 -2.450687E+00 0.000000E+00
   0.000000E+00 0.000000E+00 -5.522227E+00 -2.450687E+00 2.575521E+01 0.000000E+00
   -2.026549E+01 5.522227E+00 0.000000E+00 0.000000E+00 0.000000E+00 1.687506E+02

0.741935
   1.463952E+08 1.453984E+06 0.000000E+00 0.000000E+00 0.000000E+00 3.200252E+07
   1.453984E+06 2.419152E+08 0.000000E+00 0.000000E+00 0.000000E+00 1.258762E+07
   0.000000E+00 0.000000E+00 3.373420E+09 -4.447063E+06 -7.774967E+07 0.000000E+00
   0.000000E+00 0.000000E+00 -4.447063E+06 1.426397E+09 -1.595397E+07 0.000000E+00
   0.000000E+00 0.000000E+00 -7.774967E+07 -1.595397E+07 3.733480E+08 0.000000E+00
   3.200252E+07 1.258762E+07 0.000000E+00 0.000000E+00 0.000000E+00 8.612628E+07

   2.053462E+02 0.000000E+00 0.000000E+00 0.000000E+00 0.000000E+00 -1.821251E+01
   0.000000E+00 2.053462E+02 0.000000E+00 0.000000E+00 0.000000E+00 5.400659E+00
   0.000000E+00 0.000000E+00 2.053462E+02 1.821251E+01 -5.400659E+00 0.000000E+00
   0.000000E+00 0.000000E+00 1.821251E+01 1.099494E+02 -1.828591E+00 0.000000E+00
   0.000000E+00 0.000000E+00 -5.400659E+00 -1.828591E+00 1.981386E+01 0.000000E+00
   -1.821251E+01 5.400659E+00 0.000000E+00 0.000000E+00 0.000000E+00 1.297633E+02

0.774194
   1.309529E+08 1.115212E+06 0.000000E+00 0.000000E+00 0.000000E+00 2.644523E+07
   1.115212E+06 2.148381E+08 0.000000E+00 0.000000E+00 0.000000E+00 1.110619E+07
   0.000000E+00 0.000000E+00 2.912970E+09 2.078565E+07 -7.332784E+07 0.000000E+00
   0.000000E+00 0.000000E+00 2.078565E+07 1.090824E+09 -1.130858E+07 0.000000E+00
   0.000000E+00 0.000000E+00 -7.332784E+07 -1.130858E+07 2.812580E+08 0.000000E+00
   2.644523E+07 1.110619E+07 0.000000E+00 0.000000E+00 0.000000E+00 6.707400E+07

   1.792842E+02 0.000000E+00 0.000000E+00 0.000000E+00 0.000000E+00 -1.652838E+01
   0.000000E+00 1.792842E+02 0.000000E+00 0.000000E+00 0.000000E+00 5.077604E+00
   0.000000E+00 0.000000E+00 1.792842E+02 1.652838E+01 -5.077604E+00 0.000000E+00
   0.000000E+00 0.000000E+00 1.652838E+01 8.531241E+01 -1.384525E+00 0.000000E+00
   0.000000E+00 0.000000E+00 -5.077604E+00 -1.384525E+00 1.500050E+01 0.000000E+00
   -1.652838E+01 5.077604E+00 0.000000E+00 0.000000E+00 0.000000E+00 1.003129E+02

0.806452
   1.166162E+08 8.567550E+05 0.000000E+00 0.000000E+00 0.000000E+00 2.154164E+07
   8.567550E+05 1.898197E+08 0.000000E+00 0.000000E+00 0.000000E+00 9.595178E+06
   0.000000E+00 0.000000E+00 2.470851E+09 3.127893E+07 -6.548205E+07 0.000000E+00
   0.000000E+00 0.000000E+00 3.127893E+07 8.059384E+08 -7.850466E+06 0.000000E+00
   0.000000E+00 0.000000E+00 -6.548205E+07 -7.850466E+06 2.073406E+08 0.000000E+00
   2.154164E+07 9.595178E+06 0.000000E+00 0.000000E+00 0.000000E+00 5.198137E+07

   1.527612E+02 0.000000E+00 0.000000E+00 0.000000E+00 0.000000E+00 -1.324765E+01
   0.000000E+00 1.527612E+02 0.000000E+00 0.000000E+00 0.000000E+00 4.485368E+00
   0.000000E+00 0.000000E+00 1.527612E+02 1.324765E+01 -4.485368E+00 0.000000E+00
   0.000000E+00 0.000000E+00 1.324765E+01 6.308339E+01 -9.854587E-01 0.000000E+00
   0.000000E+00 0.000000E+00 -4.485368E+00 -9.854587E-01 1.110124E+01 0.000000E+00
   -1.324765E+01 4.485368E+00 0.000000E+00 0.000000E+00 0.000000E+00 7.418463E+01

0.838710
   1.023272E+08 8.075309E+05 0.000000E+00 0.000000E+00 0.000000E+00 1.701007E+07
   8.075309E+05 1.775460E+08 0.000000E+00 0.000000E+00 0.000000E+00 8.735741E+06
   0.000000E+00 0.000000E+00 2.066925E+09 4.686361E+07 -5.728352E+07 0.000000E+00
   0.000000E+00 0.000000E+00 4.686361E+07 5.976447E+08 -6.105237E+06 0.000000E+00
   0.000000E+00 0.000000E+00 -5.728352E+07 -6.105237E+06 1.504661E+08 0.000000E+00
   1.701007E+07 8.735741E+06 0.000000E+00 0.000000E+00 0.000000E+00 4.086905E+07

   1.292891E+02 0.000000E+00 0.000000E+00 0.000000E+00 0.000000E+00 -1.189525E+01
   0.000000E+00 1.292891E+02 0.000000E+00 0.000000E+00 0.000000E+00 3.930931E+00
   0.000000E+00 0.000000E+00 1.292891E+02 1.189525E+01 -3.930931E+00 0.000000E+00
   0.000000E+00 0.000000E+00 1.189525E+01 4.697953E+01 -7.684968E-01 0.000000E+00
   0.000000E+00 0.000000E+00 -3.930931E+00 -7.684968E-01 8.109678E+00 0.000000E+00
   -1.189525E+01 3.930931E+00 0.000000E+00 0.000000E+00 0.000000E+00 5.508921E+01

0.870968
   8.846554E+07 6.065438E+05 0.000000E+00 0.000000E+00 0.000000E+00 1.291822E+07
   6.065438E+05 1.502319E+08 0.000000E+00 0.000000E+00 0.000000E+00 7.104882E+06
   0.000000E+00 0.000000E+00 1.635763E+09 6.576417E+07 -4.665343E+07 0.000000E+00
   0.000000E+00 0.000000E+00 6.576417E+07 4.291132E+08 -5.077555E+06 0.000000E+00
   0.000000E+00 0.000000E+00 -4.665343E+07 -5.077555E+06 1.017397E+08 0.000000E+00
   1.291822E+07 7.104882E+06 0.000000E+00 0.000000E+00 0.000000E+00 2.951523E+07

   1.044474E+02 0.000000E+00 0.000000E+00 0.000000E+00 0.000000E+00 -1.109396E+01
   0.000000E+00 1.044474E+02 0.000000E+00 0.000000E+00 0.000000E+00 3.248050E+00
   0.000000E+00 0.000000E+00 1.044474E+02 1.109396E+01 -3.248050E+00 0.000000E+00
   0.000000E+00 0.000000E+00 1.109396E+01 3.452254E+01 -6.188958E-01 0.000000E+00
   0.000000E+00 0.000000E+00 -3.248050E+00 -6.188958E-01 5.552893E+00 0.000000E+00
   -1.109396E+01 3.248050E+00 0.000000E+00 0.000000E+00 0.000000E+00 4.007544E+01

0.903226
   7.522523E+07 6.448829E+05 0.000000E+00 0.000000E+00 0.000000E+00 9.368869E+06
   6.448829E+05 1.401229E+08 0.000000E+00 0.000000E+00 0.000000E+00 6.371404E+06
   0.000000E+00 0.000000E+00 1.269498E+09 8.401275E+07 -3.752383E+07 0.000000E+00
   0.000000E+00 0.000000E+00 8.401275E+07 3.073386E+08 -4.836252E+06 0.000000E+00
   0.000000E+00 0.000000E+00 -3.752383E+07 -4.836252E+06 6.609422E+07 0.000000E+00
   9.368869E+06 6.371404E+06 0.000000E+00 0.000000E+00 0.000000E+00 2.206070E+07

   8.344963E+01 0.000000E+00 0.000000E+00 0.000000E+00 0.000000E+00 -1.015352E+01
   0.000000E+00 8.344963E+01 0.000000E+00 0.000000E+00 0.000000E+00 2.655036E+00
   0.000000E+00 0.000000E+00 8.344963E+01 1.015352E+01 -2.655036E+00 0.000000E+00
   0.000000E+00 0.000000E+00 1.015352E+01 2.491344E+01 -5.225457E-01 0.000000E+00
   0.000000E+00 0.000000E+00 -2.655036E+00 -5.225457E-01 3.685771E+00 0.000000E+00
   -1.015352E+01 2.655036E+00 0.000000E+00 0.000000E+00 0.000000E+00 2.859921E+01

0.935484
   5.568121E+07 6.120855E+05 0.000000E+00 0.000000E+00 0.000000E+00 5.813931E+06
   6.120855E+05 1.169708E+08 0.000000E+00 0.000000E+00 0.000000E+00 4.928347E+06
   0.000000E+00 0.000000E+00 8.827370E+08 7.490126E+07 -2.593188E+07 0.000000E+00
   0.000000E+00 0.000000E+00 7.490126E+07 1.896422E+08 -3.675190E+06 0.000000E+00
   0.000000E+00 0.000000E+00 -2.593188E+07 -3.675190E+06 3.636941E+07 0.000000E+00
   5.813931E+06 4.928347E+06 0.000000E+00 0.000000E+00 0.000000E+00 1.414681E+07

   6.087802E+01 0.000000E+00 0.000000E+00 0.000000E+00 0.000000E+00 -8.599646E+00
   0.000000E+00 6.087802E+01 0.000000E+00 0.000000E+00 0.000000E+00 1.920678E+00
   0.000000E+00 0.000000E+00 6.087802E+01 8.599646E+00 -1.920678E+00 0.000000E+00
   0.000000E+00 0.000000E+00 8.599646E+00 1.614094E+01 -4.003091E-01 0.000000E+00
   0.000000E+00 0.000000E+00 -1.920678E+00 -4.003091E-01 2.070320E+00 0.000000E+00
   -8.599646E+00 1.920678E+00 0.000000E+00 0.000000E+00 0.000000E+00 1.821126E+01

0.967742
   3.540530E+07 6.680996E+05 0.000000E+00 0.000000E+00 0.000000E+00 2.785309E+06
   6.680996E+05 8.990864E+07 0.000000E+00 0.000000E+00 0.000000E+00 3.238077E+06
   0.000000E+00 0.000000E+00 5.160370E+08 6.480727E+07 -1.417874E+07 0.000000E+00
   0.000000E+00 0.000000E+00 6.480727E+07 9.928368E+07 -2.739692E+06 0.000000E+00
   0.000000E+00 0.000000E+00 -1.417874E+07 -2.739692E+06 1.329673E+07 0.000000E+00
   2.785309E+06 3.238077E+06 0.000000E+00 0.000000E+00 0.000000E+00 6.923180E+06

   3.853630E+01 0.000000E+00 0.000000E+00 0.000000E+00 0.000000E+00 -6.157997E+00
   0.000000E+00 3.853630E+01 0.000000E+00 0.000000E+00 0.000000E+00 1.115979E+00
   0.000000E+00 0.000000E+00 3.853630E+01 6.157997E+00 -1.115979E+00 0.000000E+00
   0.000000E+00 0.000000E+00 6.157997E+00 8.310460E+00 -2.585255E-01 0.000000E+00
   0.000000E+00 0.000000E+00 -1.115979E+00 -2.585255E-01 8.164604E-01 0.000000E+00
   -6.157997E+00 1.115979E+00 0.000000E+00 0.000000E+00 0.000000E+00 9.126920E+00

1.000000
   1.226170E+07 4.394427E+05 0.000000E+00 0.000000E+00 0.000000E+00 1.129011E+06
   4.394427E+05 3.862088E+07 0.000000E+00 0.000000E+00 0.000000E+00 7.085452E+05
   0.000000E+00 0.000000E+00 1.722476E+08 1.185096E+07 -2.500571E+06 0.000000E+00
   0.000000E+00 0.000000E+00 1.185096E+07 1.353571E+07 -3.669077E+05 0.000000E+00
   0.000000E+00 0.000000E+00 -2.500571E+06 -3.669077E+05 1.068096E+06 0.000000E+00
   1.129011E+06 7.085452E+05 0.000000E+00 0.000000E+00 0.000000E+00 9.095520E+05

   1.542816E+01 0.000000E+00 0.000000E+00 0.000000E+00 0.000000E+00 -1.153150E+00
   0.000000E+00 1.542816E+01 0.000000E+00 0.000000E+00 0.000000E+00 2.322503E-01
   0.000000E+00 0.000000E+00 1.542816E+01 1.153150E+00 -2.322503E-01 0.000000E+00
   0.000000E+00 0.000000E+00 1.153150E+00 1.209183E+00 -3.472411E-02 0.000000E+00
   0.000000E+00 0.000000E+00 -2.322503E-01 -3.472411E-02 8.488125E-02 0.000000E+00
   -1.153150E+00 2.322503E-01 0.000000E+00 0.000000E+00 0.000000E+00 1.294064E+00

