------- BEAMDYN V1.00.* INDIVIDUAL BLADE INPUT FILE --------------------------
! Converted by hawc2ToBeamDyn.py from DTU_10MW_RWT_master.htc - Written using hawc2ToBeamDyn.py 
---------------------- BLADE PARAMETERS --------------------------------------
  100  station_total    - Number of blade input stations (-)
    1  damp_type        - Damping type (switch): 0: no damping; 1: viscous damping
---------------------- DAMPING COEFFICIENT------------------------------------
   mu1        mu2        mu3        mu4        mu5        mu6
   (s)        (s)        (s)        (s)        (s)        (s)
 0.015527311521160521 0.009834496998469331 0.0033197624145710827 0.009834496998469331 0.015527311521160521 0.0033197624145710827 
---------------------- DISTRIBUTED PROPERTIES---------------------------------
0.000000
   2.508243E+09 0.000000E+00 0.000000E+00 0.000000E+00 0.000000E+00 -7.247669E+06
   0.000000E+00 1.942784E+09 0.000000E+00 0.000000E+00 0.000000E+00 -1.837872E+07
   0.000000E+00 0.000000E+00 1.778616E+10 8.655490E+07 5.744913E+07 0.000000E+00
   0.000000E+00 0.000000E+00 8.655490E+07 6.101193E+10 2.795715E+05 0.000000E+00
   0.000000E+00 0.000000E+00 5.744913E+07 2.795715E+05 6.187266E+10 0.000000E+00
   -7.247669E+06 -1.837872E+07 0.000000E+00 0.000000E+00 0.000000E+00 2.745599E+10

   1.189511E+03 0.000000E+00 0.000000E+00 0.000000E+00 0.000000E+00 -4.994181E+00
   0.000000E+00 1.189511E+03 0.000000E+00 0.000000E+00 0.000000E+00 -4.170374E+00
   0.000000E+00 0.000000E+00 1.189511E+03 4.994181E+00 4.170374E+00 0.000000E+00
   0.000000E+00 0.000000E+00 4.994181E+00 3.706520E+03 1.750939E-02 0.000000E+00
   0.000000E+00 0.000000E+00 4.170374E+00 1.750939E-02 3.957348E+03 0.000000E+00
   -4.994181E+00 -4.170374E+00 0.000000E+00 0.000000E+00 0.000000E+00 7.663868E+03

0.010101
   2.508039E+09 0.000000E+00 0.000000E+00 0.000000E+00 0.000000E+00 -8.009471E+06
   0.000000E+00 1.944445E+09 0.000000E+00 0.000000E+00 0.000000E+00 -1.851660E+07
   0.000000E+00 0.000000E+00 1.781037E+10 9.761996E+07 5.809062E+07 0.000000E+00
   0.000000E+00 0.000000E+00 9.761996E+07 6.105763E+10 3.183990E+05 0.000000E+00
   0.000000E+00 0.000000E+00 5.809062E+07 3.183990E+05 6.200406E+10 0.000000E+00
   -8.009471E+06 -1.851660E+07 0.000000E+00 0.000000E+00 0.000000E+00 2.746560E+10

   1.190434E+03 0.000000E+00 0.000000E+00 0.000000E+00 0.000000E+00 -5.646802E+00
   0.000000E+00 1.190434E+03 0.000000E+00 0.000000E+00 0.000000E+00 -4.247668E+00
   0.000000E+00 0.000000E+00 1.190434E+03 5.646802E+00 4.247668E+00 0.000000E+00
   0.000000E+00 0.000000E+00 5.646802E+00 3.708942E+03 2.014874E-02 0.000000E+00
   0.000000E+00 0.000000E+00 4.247668E+00 2.014874E-02 3.961781E+03 0.000000E+00
   -5.646802E+00 -4.247668E+00 0.000000E+00 0.000000E+00 0.000000E+00 7.670724E+03

0.020202
   2.507834E+09 0.000000E+00 0.000000E+00 0.000000E+00 0.000000E+00 -8.771144E+06
   0.000000E+00 1.946107E+09 0.000000E+00 0.000000E+00 0.000000E+00 -1.865469E+07
   0.000000E+00 0.000000E+00 1.783459E+10 1.087149E+08 5.873368E+07 0.000000E+00
   0.000000E+00 0.000000E+00 1.087149E+08 6.110331E+10 3.580247E+05 0.000000E+00
   0.000000E+00 0.000000E+00 5.873368E+07 3.580247E+05 6.213559E+10 0.000000E+00
   -8.771144E+06 -1.865469E+07 0.000000E+00 0.000000E+00 0.000000E+00 2.747522E+10

   1.191357E+03 0.000000E+00 0.000000E+00 0.000000E+00 0.000000E+00 -6.300428E+00
   0.000000E+00 1.191357E+03 0.000000E+00 0.000000E+00 0.000000E+00 -4.325078E+00
   0.000000E+00 0.000000E+00 1.191357E+03 6.300428E+00 4.325078E+00 0.000000E+00
   0.000000E+00 0.000000E+00 6.300428E+00 3.711365E+03 2.287295E-02 0.000000E+00
   0.000000E+00 0.000000E+00 4.325078E+00 2.287295E-02 3.966217E+03 0.000000E+00
   -6.300428E+00 -4.325078E+00 0.000000E+00 0.000000E+00 0.000000E+00 7.677581E+03

0.030303
   2.500679E+09 0.000000E+00 0.000000E+00 0.000000E+00 0.000000E+00 -7.264964E+06
   0.000000E+00 1.956001E+09 0.000000E+00 0.000000E+00 0.000000E+00 -1.802391E+07
   0.000000E+00 0.000000E+00 1.792682E+10 1.118520E+08 6.430868E+07 0.000000E+00
   0.000000E+00 0.000000E+00 1.118520E+08 6.112288E+10 4.012455E+05 0.000000E+00
   0.000000E+00 0.000000E+00 6.430868E+07 4.012455E+05 6.246568E+10 0.000000E+00
   -7.264964E+06 -1.802391E+07 0.000000E+00 0.000000E+00 0.000000E+00 2.742604E+10

   1.195520E+03 0.000000E+00 0.000000E+00 0.000000E+00 0.000000E+00 -9.159993E+00
   0.000000E+00 1.195520E+03 0.000000E+00 0.000000E+00 0.000000E+00 -5.219084E+00
   0.000000E+00 0.000000E+00 1.195520E+03 9.159993E+00 5.219084E+00 0.000000E+00
   0.000000E+00 0.000000E+00 9.159993E+00 3.716635E+03 3.998828E-02 0.000000E+00
   0.000000E+00 0.000000E+00 5.219084E+00 3.998828E-02 3.972732E+03 0.000000E+00
   -9.159993E+00 -5.219084E+00 0.000000E+00 0.000000E+00 0.000000E+00 7.689368E+03

0.040404
   2.489849E+09 0.000000E+00 0.000000E+00 0.000000E+00 0.000000E+00 -7.606559E+06
   0.000000E+00 1.969250E+09 0.000000E+00 0.000000E+00 0.000000E+00 -1.761457E+07
   0.000000E+00 0.000000E+00 1.804770E+10 1.320406E+08 7.751941E+07 0.000000E+00
   0.000000E+00 0.000000E+00 1.320406E+08 6.112814E+10 5.671477E+05 0.000000E+00
   0.000000E+00 0.000000E+00 7.751941E+07 5.671477E+05 6.287842E+10 0.000000E+00
   -7.606559E+06 -1.761457E+07 0.000000E+00 0.000000E+00 0.000000E+00 2.734749E+10

   1.201138E+03 0.000000E+00 0.000000E+00 0.000000E+00 0.000000E+00 -1.441579E+01
   0.000000E+00 1.201138E+03 0.000000E+00 0.000000E+00 0.000000E+00 -6.845355E+00
   0.000000E+00 0.000000E+00 1.201138E+03 1.441579E+01 6.845355E+00 0.000000E+00
   0.000000E+00 0.000000E+00 1.441579E+01 3.723164E+03 8.215639E-02 0.000000E+00
   0.000000E+00 0.000000E+00 6.845355E+00 8.215639E-02 3.980112E+03 0.000000E+00
   -1.441579E+01 -6.845355E+00 0.000000E+00 0.000000E+00 0.000000E+00 7.703276E+03

0.050505
   2.435148E+09 0.000000E+00 0.000000E+00 0.000000E+00 0.000000E+00 -4.858222E+06
   0.000000E+00 1.966206E+09 0.000000E+00 0.000000E+00 0.000000E+00 -8.829444E+06
   0.000000E+00 0.000000E+00 1.792877E+10 2.314100E+08 9.092087E+07 0.000000E+00
   0.000000E+00 0.000000E+00 2.314100E+08 6.003203E+10 1.173533E+06 0.000000E+00
   0.000000E+00 0.000000E+00 9.092087E+07 1.173533E+06 6.196791E+10 0.000000E+00
   -4.858222E+06 -8.829444E+06 0.000000E+00 0.000000E+00 0.000000E+00 2.669830E+10

   1.191546E+03 0.000000E+00 0.000000E+00 0.000000E+00 0.000000E+00 -2.020301E+01
   0.000000E+00 1.191546E+03 0.000000E+00 0.000000E+00 0.000000E+00 -7.655219E+00
   0.000000E+00 0.000000E+00 1.191546E+03 2.020301E+01 7.655219E+00 0.000000E+00
   0.000000E+00 0.000000E+00 2.020301E+01 3.672150E+03 1.297965E-01 0.000000E+00
   0.000000E+00 0.000000E+00 7.655219E+00 1.297965E-01 3.903393E+03 0.000000E+00
   -2.020301E+01 -7.655219E+00 0.000000E+00 0.000000E+00 0.000000E+00 7.575543E+03

0.060606
   2.363811E+09 0.000000E+00 0.000000E+00 0.000000E+00 0.000000E+00 -1.792501E+05
   0.000000E+00 1.956270E+09 0.000000E+00 0.000000E+00 0.000000E+00 3.455224E+06
   0.000000E+00 0.000000E+00 1.771356E+10 3.538334E+08 1.023889E+08 0.000000E+00
   0.000000E+00 0.000000E+00 3.538334E+08 5.850286E+10 2.045247E+06 0.000000E+00
   0.000000E+00 0.000000E+00 1.023889E+08 2.045247E+06 6.053206E+10 0.000000E+00
   -1.792501E+05 3.455224E+06 0.000000E+00 0.000000E+00 0.000000E+00 2.582806E+10

   1.175746E+03 0.000000E+00 0.000000E+00 0.000000E+00 0.000000E+00 -2.562406E+01
   0.000000E+00 1.175746E+03 0.000000E+00 0.000000E+00 0.000000E+00 -8.003652E+00
   0.000000E+00 0.000000E+00 1.175746E+03 2.562406E+01 8.003652E+00 0.000000E+00
   0.000000E+00 0.000000E+00 2.562406E+01 3.598351E+03 1.744306E-01 0.000000E+00
   0.000000E+00 0.000000E+00 8.003652E+00 1.744306E-01 3.794071E+03 0.000000E+00
   -2.562406E+01 -8.003652E+00 0.000000E+00 0.000000E+00 0.000000E+00 7.392422E+03

0.070707
   2.247589E+09 0.000000E+00 0.000000E+00 0.000000E+00 0.000000E+00 2.130745E+07
   0.000000E+00 1.918349E+09 0.000000E+00 0.000000E+00 0.000000E+00 9.771461E+06
   0.000000E+00 0.000000E+00 1.736607E+10 2.327626E+08 1.196339E+08 0.000000E+00
   0.000000E+00 0.000000E+00 2.327626E+08 5.621306E+10 1.603489E+06 0.000000E+00
   0.000000E+00 0.000000E+00 1.196339E+08 1.603489E+06 5.806163E+10 0.000000E+00
   2.130745E+07 9.771461E+06 0.000000E+00 0.000000E+00 0.000000E+00 2.429482E+10

   1.150136E+03 0.000000E+00 0.000000E+00 0.000000E+00 0.000000E+00 -2.264845E+01
   0.000000E+00 1.150136E+03 0.000000E+00 0.000000E+00 0.000000E+00 -9.871717E+00
   0.000000E+00 0.000000E+00 1.150136E+03 2.264845E+01 9.871717E+00 0.000000E+00
   0.000000E+00 0.000000E+00 2.264845E+01 3.474562E+03 1.943936E-01 0.000000E+00
   0.000000E+00 0.000000E+00 9.871717E+00 1.943936E-01 3.610191E+03 0.000000E+00
   -2.264845E+01 -9.871717E+00 0.000000E+00 0.000000E+00 0.000000E+00 7.084753E+03

0.080808
   2.115310E+09 0.000000E+00 0.000000E+00 0.000000E+00 0.000000E+00 3.251924E+07
   0.000000E+00 1.867159E+09 0.000000E+00 0.000000E+00 0.000000E+00 1.059170E+07
   0.000000E+00 0.000000E+00 1.695408E+10 1.403644E+08 1.663663E+08 0.000000E+00
   0.000000E+00 0.000000E+00 1.403644E+08 5.367394E+10 1.377361E+06 0.000000E+00
   0.000000E+00 0.000000E+00 1.663663E+08 1.377361E+06 5.525051E+10 0.000000E+00
   3.251924E+07 1.059170E+07 0.000000E+00 0.000000E+00 0.000000E+00 2.256394E+10

   1.120908E+03 0.000000E+00 0.000000E+00 0.000000E+00 0.000000E+00 -2.411050E+01
   0.000000E+00 1.120908E+03 0.000000E+00 0.000000E+00 0.000000E+00 -1.405678E+01
   0.000000E+00 0.000000E+00 1.120908E+03 2.411050E+01 1.405678E+01 0.000000E+00
   0.000000E+00 0.000000E+00 2.411050E+01 3.335120E+03 3.023585E-01 0.000000E+00
   0.000000E+00 0.000000E+00 1.405678E+01 3.023585E-01 3.405182E+03 0.000000E+00
   -2.411050E+01 -1.405678E+01 0.000000E+00 0.000000E+00 0.000000E+00 6.740302E+03

0.090909
   1.953316E+09 -3.683719E+07 0.000000E+00 0.000000E+00 0.000000E+00 5.881782E+07
   -3.683719E+07 1.837517E+09 0.000000E+00 0.000000E+00 0.000000E+00 2.068823E+07
   0.000000E+00 0.000000E+00 1.651033E+10 1.899634E+08 1.881198E+08 0.000000E+00
   0.000000E+00 0.000000E+00 1.899634E+08 5.208772E+10 -4.574927E+08 0.000000E+00
   0.000000E+00 0.000000E+00 1.881198E+08 -4.574927E+08 5.064273E+10 0.000000E+00
   5.881782E+07 2.068823E+07 0.000000E+00 0.000000E+00 0.000000E+00 2.068586E+10

   1.089234E+03 0.000000E+00 0.000000E+00 0.000000E+00 0.000000E+00 -3.160952E+01
   0.000000E+00 1.089234E+03 0.000000E+00 0.000000E+00 0.000000E+00 -1.696896E+01
   0.000000E+00 0.000000E+00 1.089234E+03 3.160952E+01 1.696896E+01 0.000000E+00
   0.000000E+00 0.000000E+00 3.160952E+01 3.217707E+03 -2.886511E+01 0.000000E+00
   0.000000E+00 0.000000E+00 1.696896E+01 -2.886511E+01 3.124767E+03 0.000000E+00
   -3.160952E+01 -1.696896E+01 0.000000E+00 0.000000E+00 0.000000E+00 6.342474E+03

0.101010
   1.803634E+09 -1.078442E+07 0.000000E+00 0.000000E+00 0.000000E+00 9.014892E+07
   -1.078442E+07 1.798140E+09 0.000000E+00 0.000000E+00 0.000000E+00 3.617934E+07
   0.000000E+00 0.000000E+00 1.606307E+10 2.523353E+08 1.933051E+08 0.000000E+00
   0.000000E+00 0.000000E+00 2.523353E+08 4.892097E+10 -2.827458E+09 0.000000E+00
   0.000000E+00 0.000000E+00 1.933051E+08 -2.827458E+09 4.747725E+10 0.000000E+00
   9.014892E+07 3.617934E+07 0.000000E+00 0.000000E+00 0.000000E+00 1.881417E+10

   1.056747E+03 0.000000E+00 0.000000E+00 0.000000E+00 0.000000E+00 -3.870260E+01
   0.000000E+00 1.056747E+03 0.000000E+00 0.000000E+00 0.000000E+00 -1.882739E+01
   0.000000E+00 0.000000E+00 1.056747E+03 3.870260E+01 1.882739E+01 0.000000E+00
   0.000000E+00 0.000000E+00 3.870260E+01 3.010253E+03 -1.496362E+02 0.000000E+00
   0.000000E+00 0.000000E+00 1.882739E+01 -1.496362E+02 2.932583E+03 0.000000E+00
   -3.870260E+01 -1.882739E+01 0.000000E+00 0.000000E+00 0.000000E+00 5.942837E+03

0.111111
   1.682531E+09 3.997267E+07 0.000000E+00 0.000000E+00 0.000000E+00 1.563294E+08
   3.997267E+07 1.696288E+09 0.000000E+00 0.000000E+00 0.000000E+00 4.830525E+07
   0.000000E+00 0.000000E+00 1.552039E+10 1.764792E+08 2.781323E+08 0.000000E+00
   0.000000E+00 0.000000E+00 1.764792E+08 4.506244E+10 -3.610944E+09 0.000000E+00
   0.000000E+00 0.000000E+00 2.781323E+08 -3.610944E+09 4.382162E+10 0.000000E+00
   1.563294E+08 4.830525E+07 0.000000E+00 0.000000E+00 0.000000E+00 1.661943E+10

   1.020218E+03 0.000000E+00 0.000000E+00 0.000000E+00 0.000000E+00 -4.036921E+01
   0.000000E+00 1.020218E+03 0.000000E+00 0.000000E+00 0.000000E+00 -2.374321E+01
   0.000000E+00 0.000000E+00 1.020218E+03 4.036921E+01 2.374321E+01 0.000000E+00
   0.000000E+00 0.000000E+00 4.036921E+01 2.777827E+03 -1.977609E+02 0.000000E+00
   0.000000E+00 0.000000E+00 2.374321E+01 -1.977609E+02 2.708399E+03 0.000000E+00
   -4.036921E+01 -2.374321E+01 0.000000E+00 0.000000E+00 0.000000E+00 5.486226E+03

0.121212
   1.550353E+09 8.343277E+07 0.000000E+00 0.000000E+00 0.000000E+00 2.285277E+08
   8.343277E+07 1.600510E+09 0.000000E+00 0.000000E+00 0.000000E+00 6.452784E+07
   0.000000E+00 0.000000E+00 1.494798E+10 -2.676671E+05 3.591943E+08 0.000000E+00
   0.000000E+00 0.000000E+00 -2.676671E+05 4.178978E+10 -3.836694E+09 0.000000E+00
   0.000000E+00 0.000000E+00 3.591943E+08 -3.836694E+09 3.949194E+10 0.000000E+00
   2.285277E+08 6.452784E+07 0.000000E+00 0.000000E+00 0.000000E+00 1.444478E+10

   9.824891E+02 0.000000E+00 0.000000E+00 0.000000E+00 0.000000E+00 -3.597503E+01
   0.000000E+00 9.824891E+02 0.000000E+00 0.000000E+00 0.000000E+00 -2.785347E+01
   0.000000E+00 0.000000E+00 9.824891E+02 3.597503E+01 2.785347E+01 0.000000E+00
   0.000000E+00 0.000000E+00 3.597503E+01 2.582479E+03 -2.188621E+02 0.000000E+00
   0.000000E+00 0.000000E+00 2.785347E+01 -2.188621E+02 2.449766E+03 0.000000E+00
   -3.597503E+01 -2.785347E+01 0.000000E+00 0.000000E+00 0.000000E+00 5.032245E+03

0.131313
   1.409908E+09 1.134098E+08 0.000000E+00 0.000000E+00 0.000000E+00 2.879345E+08
   1.134098E+08 1.522124E+09 0.000000E+00 0.000000E+00 0.000000E+00 8.117026E+07
   0.000000E+00 0.000000E+00 1.443396E+10 1.384458E+08 4.755703E+08 0.000000E+00
   0.000000E+00 0.000000E+00 1.384458E+08 3.904170E+10 -3.893712E+09 0.000000E+00
   0.000000E+00 0.000000E+00 4.755703E+08 -3.893712E+09 3.519879E+10 0.000000E+00
   2.879345E+08 8.117026E+07 0.000000E+00 0.000000E+00 0.000000E+00 1.243511E+10

   9.482607E+02 0.000000E+00 0.000000E+00 0.000000E+00 0.000000E+00 -4.912561E+01
   0.000000E+00 9.482607E+02 0.000000E+00 0.000000E+00 0.000000E+00 -3.303143E+01
   0.000000E+00 0.000000E+00 9.482607E+02 4.912561E+01 3.303143E+01 0.000000E+00
   0.000000E+00 0.000000E+00 4.912561E+01 2.434675E+03 -2.499749E+02 0.000000E+00
   0.000000E+00 0.000000E+00 3.303143E+01 -2.499749E+02 2.184243E+03 0.000000E+00
   -4.912561E+01 -3.303143E+01 0.000000E+00 0.000000E+00 0.000000E+00 4.618918E+03

0.141414
   1.265066E+09 1.298154E+08 0.000000E+00 0.000000E+00 0.000000E+00 3.342032E+08
   1.298154E+08 1.457943E+09 0.000000E+00 0.000000E+00 0.000000E+00 9.885452E+07
   0.000000E+00 0.000000E+00 1.394174E+10 3.113497E+08 5.808108E+08 0.000000E+00
   0.000000E+00 0.000000E+00 3.113497E+08 3.654117E+10 -3.743624E+09 0.000000E+00
   0.000000E+00 0.000000E+00 5.808108E+08 -3.743624E+09 3.097696E+10 0.000000E+00
   3.342032E+08 9.885452E+07 0.000000E+00 0.000000E+00 0.000000E+00 1.053978E+10

   9.149536E+02 0.000000E+00 0.000000E+00 0.000000E+00 0.000000E+00 -6.347516E+01
   0.000000E+00 9.149536E+02 0.000000E+00 0.000000E+00 0.000000E+00 -3.727686E+01
   0.000000E+00 0.000000E+00 9.149536E+02 6.347516E+01 3.727686E+01 0.000000E+00
   0.000000E+00 0.000000E+00 6.347516E+01 2.316588E+03 -2.634286E+02 0.000000E+00
   0.000000E+00 0.000000E+00 3.727686E+01 -2.634286E+02 1.918464E+03 0.000000E+00
   -6.347516E+01 -3.727686E+01 0.000000E+00 0.000000E+00 0.000000E+00 4.235052E+03

0.151515
   1.155080E+09 1.390448E+08 0.000000E+00 0.000000E+00 0.000000E+00 3.861057E+08
   1.390448E+08 1.424749E+09 0.000000E+00 0.000000E+00 0.000000E+00 9.354400E+07
   0.000000E+00 0.000000E+00 1.360502E+10 3.543684E+08 6.795501E+08 0.000000E+00
   0.000000E+00 0.000000E+00 3.543684E+08 3.462628E+10 -3.626227E+09 0.000000E+00
   0.000000E+00 0.000000E+00 6.795501E+08 -3.626227E+09 2.758381E+10 0.000000E+00
   3.861057E+08 9.354400E+07 0.000000E+00 0.000000E+00 0.000000E+00 9.117950E+09

   8.923693E+02 0.000000E+00 0.000000E+00 0.000000E+00 0.000000E+00 -6.898994E+01
   0.000000E+00 8.923693E+02 0.000000E+00 0.000000E+00 0.000000E+00 -4.174639E+01
   0.000000E+00 0.000000E+00 8.923693E+02 6.898994E+01 4.174639E+01 0.000000E+00
   0.000000E+00 0.000000E+00 6.898994E+01 2.235556E+03 -2.738662E+02 0.000000E+00
   0.000000E+00 0.000000E+00 4.174639E+01 -2.738662E+02 1.694768E+03 0.000000E+00
   -6.898994E+01 -4.174639E+01 0.000000E+00 0.000000E+00 0.000000E+00 3.930323E+03

0.161616
   1.053008E+09 1.408157E+08 0.000000E+00 0.000000E+00 0.000000E+00 4.303460E+08
   1.408157E+08 1.400725E+09 0.000000E+00 0.000000E+00 0.000000E+00 8.471561E+07
   0.000000E+00 0.000000E+00 1.330474E+10 3.370034E+08 7.531513E+08 0.000000E+00
   0.000000E+00 0.000000E+00 3.370034E+08 3.289451E+10 -3.425866E+09 0.000000E+00
   0.000000E+00 0.000000E+00 7.531513E+08 -3.425866E+09 2.442198E+10 0.000000E+00
   4.303460E+08 8.471561E+07 0.000000E+00 0.000000E+00 0.000000E+00 7.840803E+09

   8.722432E+02 0.000000E+00 0.000000E+00 0.000000E+00 0.000000E+00 -7.036855E+01
   0.000000E+00 8.722432E+02 0.000000E+00 0.000000E+00 0.000000E+00 -4.476275E+01
   0.000000E+00 0.000000E+00 8.722432E+02 7.036855E+01 4.476275E+01 0.000000E+00
   0.000000E+00 0.000000E+00 7.036855E+01 2.168617E+03 -2.711052E+02 0.000000E+00
   0.000000E+00 0.000000E+00 4.476275E+01 -2.711052E+02 1.486878E+03 0.000000E+00
   -7.036855E+01 -4.476275E+01 0.000000E+00 0.000000E+00 0.000000E+00 3.655495E+03

0.171717
   9.712276E+08 1.443503E+08 0.000000E+00 0.000000E+00 0.000000E+00 4.540494E+08
   1.443503E+08 1.413033E+09 0.000000E+00 0.000000E+00 0.000000E+00 8.528624E+07
   0.000000E+00 0.000000E+00 1.307431E+10 4.075838E+08 8.025845E+08 0.000000E+00
   0.000000E+00 0.000000E+00 4.075838E+08 3.180668E+10 -3.220045E+09 0.000000E+00
   0.000000E+00 0.000000E+00 8.025845E+08 -3.220045E+09 2.191123E+10 0.000000E+00
   4.540494E+08 8.528624E+07 0.000000E+00 0.000000E+00 0.000000E+00 6.950919E+09

   8.570882E+02 0.000000E+00 0.000000E+00 0.000000E+00 0.000000E+00 -7.827573E+01
   0.000000E+00 8.570882E+02 0.000000E+00 0.000000E+00 0.000000E+00 -4.685841E+01
   0.000000E+00 0.000000E+00 8.570882E+02 7.827573E+01 4.685841E+01 0.000000E+00
   0.000000E+00 0.000000E+00 7.827573E+01 2.132840E+03 -2.603241E+02 0.000000E+00
   0.000000E+00 0.000000E+00 4.685841E+01 -2.603241E+02 1.318394E+03 0.000000E+00
   -7.827573E+01 -4.685841E+01 0.000000E+00 0.000000E+00 0.000000E+00 3.451234E+03

0.181818
   8.936290E+08 1.388399E+08 0.000000E+00 0.000000E+00 0.000000E+00 4.635169E+08
   1.388399E+08 1.414418E+09 0.000000E+00 0.000000E+00 0.000000E+00 8.484879E+07
   0.000000E+00 0.000000E+00 1.280609E+10 4.561864E+08 8.288574E+08 0.000000E+00
   0.000000E+00 0.000000E+00 4.561864E+08 3.071436E+10 -2.947221E+09 0.000000E+00
   0.000000E+00 0.000000E+00 8.288574E+08 -2.947221E+09 1.958596E+10 0.000000E+00
   4.635169E+08 8.484879E+07 0.000000E+00 0.000000E+00 0.000000E+00 6.113874E+09

   8.403261E+02 0.000000E+00 0.000000E+00 0.000000E+00 0.000000E+00 -8.601302E+01
   0.000000E+00 8.403261E+02 0.000000E+00 0.000000E+00 0.000000E+00 -4.770760E+01
   0.000000E+00 0.000000E+00 8.403261E+02 8.601302E+01 4.770760E+01 0.000000E+00
   0.000000E+00 0.000000E+00 8.601302E+01 2.096724E+03 -2.410411E+02 0.000000E+00
   0.000000E+00 0.000000E+00 4.770760E+01 -2.410411E+02 1.168165E+03 0.000000E+00
   -8.601302E+01 -4.770760E+01 0.000000E+00 0.000000E+00 0.000000E+00 3.264888E+03

0.191919
   8.258821E+08 1.198202E+08 0.000000E+00 0.000000E+00 0.000000E+00 4.400462E+08
   1.198202E+08 1.330769E+09 0.000000E+00 0.000000E+00 0.000000E+00 7.316436E+07
   0.000000E+00 0.000000E+00 1.231300E+10 5.444405E+08 8.663214E+08 0.000000E+00
   0.000000E+00 0.000000E+00 5.444405E+08 2.909841E+10 -2.684648E+09 0.000000E+00
   0.000000E+00 0.000000E+00 8.663214E+08 -2.684648E+09 1.766157E+10 0.000000E+00
   4.400462E+08 7.316436E+07 0.000000E+00 0.000000E+00 0.000000E+00 5.282528E+09

   8.118306E+02 0.000000E+00 0.000000E+00 0.000000E+00 0.000000E+00 -1.013620E+02
   0.000000E+00 8.118306E+02 0.000000E+00 0.000000E+00 0.000000E+00 -4.984288E+01
   0.000000E+00 0.000000E+00 8.118306E+02 1.013620E+02 4.984288E+01 0.000000E+00
   0.000000E+00 0.000000E+00 1.013620E+02 2.028925E+03 -2.248807E+02 0.000000E+00
   0.000000E+00 0.000000E+00 4.984288E+01 -2.248807E+02 1.045526E+03 0.000000E+00
   -1.013620E+02 -4.984288E+01 0.000000E+00 0.000000E+00 0.000000E+00 3.074452E+03

0.202020
   7.618146E+08 1.020254E+08 0.000000E+00 0.000000E+00 0.000000E+00 4.166953E+08
   1.020254E+08 1.249235E+09 0.000000E+00 0.000000E+00 0.000000E+00 6.306190E+07
   0.000000E+00 0.000000E+00 1.182501E+10 6.260274E+08 8.880700E+08 0.000000E+00
   0.000000E+00 0.000000E+00 6.260274E+08 2.752251E+10 -2.408264E+09 0.000000E+00
   0.000000E+00 0.000000E+00 8.880700E+08 -2.408264E+09 1.582610E+10 0.000000E+00
   4.166953E+08 6.306190E+07 0.000000E+00 0.000000E+00 0.000000E+00 4.495632E+09

   7.833351E+02 0.000000E+00 0.000000E+00 0.000000E+00 0.000000E+00 -1.155307E+02
   0.000000E+00 7.833351E+02 0.000000E+00 0.000000E+00 0.000000E+00 -5.101608E+01
   0.000000E+00 0.000000E+00 7.833351E+02 1.155307E+02 5.101608E+01 0.000000E+00
   0.000000E+00 0.000000E+00 1.155307E+02 1.962127E+03 -2.054401E+02 0.000000E+00
   0.000000E+00 0.000000E+00 5.101608E+01 -2.054401E+02 9.309860E+02 0.000000E+00
   -1.155307E+02 -5.101608E+01 0.000000E+00 0.000000E+00 0.000000E+00 2.893113E+03

0.212121
   7.239969E+08 8.480451E+07 0.000000E+00 0.000000E+00 0.000000E+00 3.761147E+08
   8.480451E+07 1.179161E+09 0.000000E+00 0.000000E+00 0.000000E+00 5.588181E+07
   0.000000E+00 0.000000E+00 1.144169E+10 7.385614E+08 8.697234E+08 0.000000E+00
   0.000000E+00 0.000000E+00 7.385614E+08 2.638175E+10 -2.164926E+09 0.000000E+00
   0.000000E+00 0.000000E+00 8.697234E+08 -2.164926E+09 1.447925E+10 0.000000E+00
   3.761147E+08 5.588181E+07 0.000000E+00 0.000000E+00 0.000000E+00 3.993343E+09

   7.610338E+02 0.000000E+00 0.000000E+00 0.000000E+00 0.000000E+00 -1.313289E+02
   0.000000E+00 7.610338E+02 0.000000E+00 0.000000E+00 0.000000E+00 -5.026991E+01
   0.000000E+00 0.000000E+00 7.610338E+02 1.313289E+02 5.026991E+01 0.000000E+00
   0.000000E+00 0.000000E+00 1.313289E+02 1.921960E+03 -1.881002E+02 0.000000E+00
   0.000000E+00 0.000000E+00 5.026991E+01 -1.881002E+02 8.464838E+02 0.000000E+00
   -1.313289E+02 -5.026991E+01 0.000000E+00 0.000000E+00 0.000000E+00 2.768444E+03

0.222222
   6.970248E+08 6.908941E+07 0.000000E+00 0.000000E+00 0.000000E+00 3.385716E+08
   6.908941E+07 1.114401E+09 0.000000E+00 0.000000E+00 0.000000E+00 5.320111E+07
   0.000000E+00 0.000000E+00 1.110327E+10 7.410678E+08 8.239388E+08 0.000000E+00
   0.000000E+00 0.000000E+00 7.410678E+08 2.539936E+10 -1.945154E+09 0.000000E+00
   0.000000E+00 0.000000E+00 8.239388E+08 -1.945154E+09 1.332796E+10 0.000000E+00
   3.385716E+08 5.320111E+07 0.000000E+00 0.000000E+00 0.000000E+00 3.611051E+09

   7.412280E+02 0.000000E+00 0.000000E+00 0.000000E+00 0.000000E+00 -1.393929E+02
   0.000000E+00 7.412280E+02 0.000000E+00 0.000000E+00 0.000000E+00 -4.794065E+01
   0.000000E+00 0.000000E+00 7.412280E+02 1.393929E+02 4.794065E+01 0.000000E+00
   0.000000E+00 0.000000E+00 1.393929E+02 1.889297E+03 -1.715763E+02 0.000000E+00
   0.000000E+00 0.000000E+00 4.794065E+01 -1.715763E+02 7.752115E+02 0.000000E+00
   -1.393929E+02 -4.794065E+01 0.000000E+00 0.000000E+00 0.000000E+00 2.664509E+03

0.232323
   6.643595E+08 5.646179E+07 0.000000E+00 0.000000E+00 0.000000E+00 3.182622E+08
   5.646179E+07 1.037835E+09 0.000000E+00 0.000000E+00 0.000000E+00 4.687991E+07
   0.000000E+00 0.000000E+00 1.073626E+10 7.255343E+08 7.804521E+08 0.000000E+00
   0.000000E+00 0.000000E+00 7.255343E+08 2.425376E+10 -1.757070E+09 0.000000E+00
   0.000000E+00 0.000000E+00 7.804521E+08 -1.757070E+09 1.229020E+10 0.000000E+00
   3.182622E+08 4.687991E+07 0.000000E+00 0.000000E+00 0.000000E+00 3.237069E+09

   7.194262E+02 0.000000E+00 0.000000E+00 0.000000E+00 0.000000E+00 -1.424058E+02
   0.000000E+00 7.194262E+02 0.000000E+00 0.000000E+00 0.000000E+00 -4.591415E+01
   0.000000E+00 0.000000E+00 7.194262E+02 1.424058E+02 4.591415E+01 0.000000E+00
   0.000000E+00 0.000000E+00 1.424058E+02 1.832738E+03 -1.565061E+02 0.000000E+00
   0.000000E+00 0.000000E+00 4.591415E+01 -1.565061E+02 7.121299E+02 0.000000E+00
   -1.424058E+02 -4.591415E+01 0.000000E+00 0.000000E+00 0.000000E+00 2.544868E+03

0.242424
   6.305277E+08 4.579842E+07 0.000000E+00 0.000000E+00 0.000000E+00 3.043481E+08
   4.579842E+07 9.593776E+08 0.000000E+00 0.000000E+00 0.000000E+00 3.994065E+07
   0.000000E+00 0.000000E+00 1.036298E+10 7.039209E+08 7.354471E+08 0.000000E+00
   0.000000E+00 0.000000E+00 7.039209E+08 2.306557E+10 -1.587071E+09 0.000000E+00
   0.000000E+00 0.000000E+00 7.354471E+08 -1.587071E+09 1.131548E+10 0.000000E+00
   3.043481E+08 3.994065E+07 0.000000E+00 0.000000E+00 0.000000E+00 2.874239E+09

   6.968697E+02 0.000000E+00 0.000000E+00 0.000000E+00 0.000000E+00 -1.433735E+02
   0.000000E+00 6.968697E+02 0.000000E+00 0.000000E+00 0.000000E+00 -4.379072E+01
   0.000000E+00 0.000000E+00 6.968697E+02 1.433735E+02 4.379072E+01 0.000000E+00
   0.000000E+00 0.000000E+00 1.433735E+02 1.767744E+03 -1.423731E+02 0.000000E+00
   0.000000E+00 0.000000E+00 4.379072E+01 -1.423731E+02 6.540141E+02 0.000000E+00
   -1.433735E+02 -4.379072E+01 0.000000E+00 0.000000E+00 0.000000E+00 2.421758E+03

0.252525
   6.034392E+08 3.738396E+07 0.000000E+00 0.000000E+00 0.000000E+00 2.941115E+08
   3.738396E+07 8.901258E+08 0.000000E+00 0.000000E+00 0.000000E+00 3.315598E+07
   0.000000E+00 0.000000E+00 1.003711E+10 6.082466E+08 7.005214E+08 0.000000E+00
   0.000000E+00 0.000000E+00 6.082466E+08 2.190494E+10 -1.448486E+09 0.000000E+00
   0.000000E+00 0.000000E+00 7.005214E+08 -1.448486E+09 1.048342E+10 0.000000E+00
   2.941115E+08 3.315598E+07 0.000000E+00 0.000000E+00 0.000000E+00 2.582510E+09

   6.774689E+02 0.000000E+00 0.000000E+00 0.000000E+00 0.000000E+00 -1.408002E+02
   0.000000E+00 6.774689E+02 0.000000E+00 0.000000E+00 0.000000E+00 -4.219912E+01
   0.000000E+00 0.000000E+00 6.774689E+02 1.408002E+02 4.219912E+01 0.000000E+00
   0.000000E+00 0.000000E+00 1.408002E+02 1.706096E+03 -1.313725E+02 0.000000E+00
   0.000000E+00 0.000000E+00 4.219912E+01 -1.313725E+02 6.047472E+02 0.000000E+00
   -1.408002E+02 -4.219912E+01 0.000000E+00 0.000000E+00 0.000000E+00 2.310843E+03

0.262626
   5.790535E+08 3.022379E+07 0.000000E+00 0.000000E+00 0.000000E+00 2.881335E+08
   3.022379E+07 8.255932E+08 0.000000E+00 0.000000E+00 0.000000E+00 2.712563E+07
   0.000000E+00 0.000000E+00 9.730104E+09 4.433603E+08 6.683456E+08 0.000000E+00
   0.000000E+00 0.000000E+00 4.433603E+08 2.076731E+10 -1.327838E+09 0.000000E+00
   0.000000E+00 0.000000E+00 6.683456E+08 -1.327838E+09 9.713244E+09 0.000000E+00
   2.881335E+08 2.712563E+07 0.000000E+00 0.000000E+00 0.000000E+00 2.322383E+09

   6.591465E+02 0.000000E+00 0.000000E+00 0.000000E+00 0.000000E+00 -1.337365E+02
   0.000000E+00 6.591465E+02 0.000000E+00 0.000000E+00 0.000000E+00 -4.071569E+01
   0.000000E+00 0.000000E+00 6.591465E+02 1.337365E+02 4.071569E+01 0.000000E+00
   0.000000E+00 0.000000E+00 1.337365E+02 1.644790E+03 -1.217287E+02 0.000000E+00
   0.000000E+00 0.000000E+00 4.071569E+01 -1.217287E+02 5.598268E+02 0.000000E+00
   -1.337365E+02 -4.071569E+01 0.000000E+00 0.000000E+00 0.000000E+00 2.204617E+03

0.272727
   5.597975E+08 2.471811E+07 0.000000E+00 0.000000E+00 0.000000E+00 2.807988E+08
   2.471811E+07 7.732789E+08 0.000000E+00 0.000000E+00 0.000000E+00 2.183033E+07
   0.000000E+00 0.000000E+00 9.474255E+09 3.366781E+08 6.483948E+08 0.000000E+00
   0.000000E+00 0.000000E+00 3.366781E+08 1.978352E+10 -1.223178E+09 0.000000E+00
   0.000000E+00 0.000000E+00 6.483948E+08 -1.223178E+09 9.052786E+09 0.000000E+00
   2.807988E+08 2.183033E+07 0.000000E+00 0.000000E+00 0.000000E+00 2.113253E+09

   6.436457E+02 0.000000E+00 0.000000E+00 0.000000E+00 0.000000E+00 -1.290286E+02
   0.000000E+00 6.436457E+02 0.000000E+00 0.000000E+00 0.000000E+00 -3.984212E+01
   0.000000E+00 0.000000E+00 6.436457E+02 1.290286E+02 3.984212E+01 0.000000E+00
   0.000000E+00 0.000000E+00 1.290286E+02 1.587878E+03 -1.128481E+02 0.000000E+00
   0.000000E+00 0.000000E+00 3.984212E+01 -1.128481E+02 5.208698E+02 0.000000E+00
   -1.290286E+02 -3.984212E+01 0.000000E+00 0.000000E+00 0.000000E+00 2.108748E+03

0.282828
   5.423500E+08 2.003312E+07 0.000000E+00 0.000000E+00 0.000000E+00 2.732108E+08
   2.003312E+07 7.256219E+08 0.000000E+00 0.000000E+00 0.000000E+00 1.720880E+07
   0.000000E+00 0.000000E+00 9.235757E+09 2.497935E+08 6.307901E+08 0.000000E+00
   0.000000E+00 0.000000E+00 2.497935E+08 1.885443E+10 -1.126140E+09 0.000000E+00
   0.000000E+00 0.000000E+00 6.307901E+08 -1.126140E+09 8.432256E+09 0.000000E+00
   2.732108E+08 1.720880E+07 0.000000E+00 0.000000E+00 0.000000E+00 1.921328E+09

   6.290086E+02 0.000000E+00 0.000000E+00 0.000000E+00 0.000000E+00 -1.250557E+02
   0.000000E+00 6.290086E+02 0.000000E+00 0.000000E+00 0.000000E+00 -3.904920E+01
   0.000000E+00 0.000000E+00 6.290086E+02 1.250557E+02 3.904920E+01 0.000000E+00
   0.000000E+00 0.000000E+00 1.250557E+02 1.532981E+03 -1.043540E+02 0.000000E+00
   0.000000E+00 0.000000E+00 3.904920E+01 -1.043540E+02 4.848412E+02 0.000000E+00
   -1.250557E+02 -3.904920E+01 0.000000E+00 0.000000E+00 0.000000E+00 2.017822E+03

0.292929
   5.241291E+08 1.485054E+07 0.000000E+00 0.000000E+00 0.000000E+00 2.642231E+08
   1.485054E+07 6.737134E+08 0.000000E+00 0.000000E+00 0.000000E+00 1.072090E+07
   0.000000E+00 0.000000E+00 8.997177E+09 4.055136E+08 6.193814E+08 0.000000E+00
   0.000000E+00 0.000000E+00 4.055136E+08 1.867616E+10 -1.055386E+09 0.000000E+00
   0.000000E+00 0.000000E+00 6.193814E+08 -1.055386E+09 7.788795E+09 0.000000E+00
   2.642231E+08 1.072090E+07 0.000000E+00 0.000000E+00 0.000000E+00 1.747433E+09

   6.129542E+02 0.000000E+00 0.000000E+00 0.000000E+00 0.000000E+00 -1.304432E+02
   0.000000E+00 6.129542E+02 0.000000E+00 0.000000E+00 0.000000E+00 -3.843094E+01
   0.000000E+00 0.000000E+00 6.129542E+02 1.304432E+02 3.843094E+01 0.000000E+00
   0.000000E+00 0.000000E+00 1.304432E+02 1.503748E+03 -9.427369E+01 0.000000E+00
   0.000000E+00 0.000000E+00 3.843094E+01 -9.427369E+01 4.464323E+02 0.000000E+00
   -1.304432E+02 -3.843094E+01 0.000000E+00 0.000000E+00 0.000000E+00 1.950180E+03

0.303030
   5.060101E+08 1.025266E+07 0.000000E+00 0.000000E+00 0.000000E+00 2.551148E+08
   1.025266E+07 6.220458E+08 0.000000E+00 0.000000E+00 0.000000E+00 4.623999E+06
   0.000000E+00 0.000000E+00 8.758450E+09 6.151080E+08 6.089207E+08 0.000000E+00
   0.000000E+00 0.000000E+00 6.151080E+08 1.870904E+10 -9.795645E+08 0.000000E+00
   0.000000E+00 0.000000E+00 6.089207E+08 -9.795645E+08 7.137838E+09 0.000000E+00
   2.551148E+08 4.623999E+06 0.000000E+00 0.000000E+00 0.000000E+00 1.578999E+09

   5.965140E+02 0.000000E+00 0.000000E+00 0.000000E+00 0.000000E+00 -1.377845E+02
   0.000000E+00 5.965140E+02 0.000000E+00 0.000000E+00 0.000000E+00 -3.781166E+01
   0.000000E+00 0.000000E+00 5.965140E+02 1.377845E+02 3.781166E+01 0.000000E+00
   0.000000E+00 0.000000E+00 1.377845E+02 1.480805E+03 -8.336364E+01 0.000000E+00
   0.000000E+00 0.000000E+00 3.781166E+01 -8.336364E+01 4.090513E+02 0.000000E+00
   -1.377845E+02 -3.781166E+01 0.000000E+00 0.000000E+00 0.000000E+00 1.889856E+03

0.313131
   4.961221E+08 9.325082E+06 0.000000E+00 0.000000E+00 0.000000E+00 2.440283E+08
   9.325082E+06 6.076798E+08 0.000000E+00 0.000000E+00 0.000000E+00 5.549907E+05
   0.000000E+00 0.000000E+00 8.649657E+09 6.715543E+08 6.187792E+08 0.000000E+00
   0.000000E+00 0.000000E+00 6.715543E+08 1.828446E+10 -9.206315E+08 0.000000E+00
   0.000000E+00 0.000000E+00 6.187792E+08 -9.206315E+08 6.688167E+09 0.000000E+00
   2.440283E+08 5.549907E+05 0.000000E+00 0.000000E+00 0.000000E+00 1.467380E+09

   5.882948E+02 0.000000E+00 0.000000E+00 0.000000E+00 0.000000E+00 -1.408420E+02
   0.000000E+00 5.882948E+02 0.000000E+00 0.000000E+00 0.000000E+00 -3.844277E+01
   0.000000E+00 0.000000E+00 5.882948E+02 1.408420E+02 3.844277E+01 0.000000E+00
   0.000000E+00 0.000000E+00 1.408420E+02 1.443904E+03 -7.691665E+01 0.000000E+00
   0.000000E+00 0.000000E+00 3.844277E+01 -7.691665E+01 3.824259E+02 0.000000E+00
   -1.408420E+02 -3.844277E+01 0.000000E+00 0.000000E+00 0.000000E+00 1.826330E+03

0.323232
   4.881666E+08 9.138556E+06 0.000000E+00 0.000000E+00 0.000000E+00 2.330870E+08
   9.138556E+06 6.019731E+08 0.000000E+00 0.000000E+00 0.000000E+00 -3.030466E+06
   0.000000E+00 0.000000E+00 8.571114E+09 6.846908E+08 6.320667E+08 0.000000E+00
   0.000000E+00 0.000000E+00 6.846908E+08 1.774135E+10 -8.689218E+08 0.000000E+00
   0.000000E+00 0.000000E+00 6.320667E+08 -8.689218E+08 6.283404E+09 0.000000E+00
   2.330870E+08 -3.030466E+06 0.000000E+00 0.000000E+00 0.000000E+00 1.369521E+09

   5.820572E+02 0.000000E+00 0.000000E+00 0.000000E+00 0.000000E+00 -1.423684E+02
   0.000000E+00 5.820572E+02 0.000000E+00 0.000000E+00 0.000000E+00 -3.927767E+01
   0.000000E+00 0.000000E+00 5.820572E+02 1.423684E+02 3.927767E+01 0.000000E+00
   0.000000E+00 0.000000E+00 1.423684E+02 1.404188E+03 -7.174205E+01 0.000000E+00
   0.000000E+00 0.000000E+00 3.927767E+01 -7.174205E+01 3.589388E+02 0.000000E+00
   -1.423684E+02 -3.927767E+01 0.000000E+00 0.000000E+00 0.000000E+00 1.763127E+03

0.333333
   4.781581E+08 8.661029E+06 0.000000E+00 0.000000E+00 0.000000E+00 2.281672E+08
   8.661029E+06 5.896909E+08 0.000000E+00 0.000000E+00 0.000000E+00 -5.605264E+06
   0.000000E+00 0.000000E+00 8.485360E+09 6.394822E+08 6.379145E+08 0.000000E+00
   0.000000E+00 0.000000E+00 6.394822E+08 1.716612E+10 -8.251969E+08 0.000000E+00
   0.000000E+00 0.000000E+00 6.379145E+08 -8.251969E+08 5.920282E+09 0.000000E+00
   2.281672E+08 -5.605264E+06 0.000000E+00 0.000000E+00 0.000000E+00 1.287907E+09

   5.748206E+02 0.000000E+00 0.000000E+00 0.000000E+00 0.000000E+00 -1.383852E+02
   0.000000E+00 5.748206E+02 0.000000E+00 0.000000E+00 0.000000E+00 -3.954385E+01
   0.000000E+00 0.000000E+00 5.748206E+02 1.383852E+02 3.954385E+01 0.000000E+00
   0.000000E+00 0.000000E+00 1.383852E+02 1.357736E+03 -6.735673E+01 0.000000E+00
   0.000000E+00 0.000000E+00 3.954385E+01 -6.735673E+01 3.371570E+02 0.000000E+00
   -1.383852E+02 -3.954385E+01 0.000000E+00 0.000000E+00 0.000000E+00 1.694893E+03

0.343434
   4.677866E+08 8.141935E+06 0.000000E+00 0.000000E+00 0.000000E+00 2.237754E+08
   8.141935E+06 5.761303E+08 0.000000E+00 0.000000E+00 0.000000E+00 -7.935685E+06
   0.000000E+00 0.000000E+00 8.396960E+09 5.954310E+08 6.426893E+08 0.000000E+00
   0.000000E+00 0.000000E+00 5.954310E+08 1.658066E+10 -7.829082E+08 0.000000E+00
   0.000000E+00 0.000000E+00 6.426893E+08 -7.829082E+08 5.563136E+09 0.000000E+00
   2.237754E+08 -7.935685E+06 0.000000E+00 0.000000E+00 0.000000E+00 1.208776E+09

   5.673730E+02 0.000000E+00 0.000000E+00 0.000000E+00 0.000000E+00 -1.341736E+02
   0.000000E+00 5.673730E+02 0.000000E+00 0.000000E+00 0.000000E+00 -3.972799E+01
   0.000000E+00 0.000000E+00 5.673730E+02 1.341736E+02 3.972799E+01 0.000000E+00
   0.000000E+00 0.000000E+00 1.341736E+02 1.311171E+03 -6.318451E+01 0.000000E+00
   0.000000E+00 0.000000E+00 3.972799E+01 -6.318451E+01 3.164175E+02 0.000000E+00
   -1.341736E+02 -3.972799E+01 0.000000E+00 0.000000E+00 0.000000E+00 1.627588E+03

0.353535
   4.579043E+08 8.262972E+06 0.000000E+00 0.000000E+00 0.000000E+00 2.145475E+08
   8.262972E+06 5.701309E+08 0.000000E+00 0.000000E+00 0.000000E+00 -9.475364E+06
   0.000000E+00 0.000000E+00 8.306468E+09 5.517135E+08 6.384971E+08 0.000000E+00
   0.000000E+00 0.000000E+00 5.517135E+08 1.588302E+10 -7.409964E+08 0.000000E+00
   0.000000E+00 0.000000E+00 6.384971E+08 -7.409964E+08 5.255349E+09 0.000000E+00
   2.145475E+08 -9.475364E+06 0.000000E+00 0.000000E+00 0.000000E+00 1.137260E+09

   5.585407E+02 0.000000E+00 0.000000E+00 0.000000E+00 0.000000E+00 -1.329058E+02
   0.000000E+00 5.585407E+02 0.000000E+00 0.000000E+00 0.000000E+00 -3.922508E+01
   0.000000E+00 0.000000E+00 5.585407E+02 1.329058E+02 3.922508E+01 0.000000E+00
   0.000000E+00 0.000000E+00 1.329058E+02 1.258696E+03 -5.932450E+01 0.000000E+00
   0.000000E+00 0.000000E+00 3.922508E+01 -5.932450E+01 2.973195E+02 0.000000E+00
   -1.329058E+02 -3.922508E+01 0.000000E+00 0.000000E+00 0.000000E+00 1.556016E+03

0.363636
   4.477256E+08 8.466202E+06 0.000000E+00 0.000000E+00 0.000000E+00 2.056312E+08
   8.466202E+06 5.648469E+08 0.000000E+00 0.000000E+00 0.000000E+00 -1.072195E+07
   0.000000E+00 0.000000E+00 8.206313E+09 4.870363E+08 6.302226E+08 0.000000E+00
   0.000000E+00 0.000000E+00 4.870363E+08 1.512528E+10 -7.001089E+08 0.000000E+00
   0.000000E+00 0.000000E+00 6.302226E+08 -7.001089E+08 4.942044E+09 0.000000E+00
   2.056312E+08 -1.072195E+07 0.000000E+00 0.000000E+00 0.000000E+00 1.065734E+09

   5.494562E+02 0.000000E+00 0.000000E+00 0.000000E+00 0.000000E+00 -1.307114E+02
   0.000000E+00 5.494562E+02 0.000000E+00 0.000000E+00 0.000000E+00 -3.848240E+01
   0.000000E+00 0.000000E+00 5.494562E+02 1.307114E+02 3.848240E+01 0.000000E+00
   0.000000E+00 0.000000E+00 1.307114E+02 1.205749E+03 -5.577420E+01 0.000000E+00
   0.000000E+00 0.000000E+00 3.848240E+01 -5.577420E+01 2.791241E+02 0.000000E+00
   -1.307114E+02 -3.848240E+01 0.000000E+00 0.000000E+00 0.000000E+00 1.484873E+03

0.373737
   4.349874E+08 8.262835E+06 0.000000E+00 0.000000E+00 0.000000E+00 1.978400E+08
   8.262835E+06 5.518114E+08 0.000000E+00 0.000000E+00 0.000000E+00 -1.037804E+07
   0.000000E+00 0.000000E+00 8.087957E+09 3.941635E+08 6.092364E+08 0.000000E+00
   0.000000E+00 0.000000E+00 3.941635E+08 1.435858E+10 -6.582992E+08 0.000000E+00
   0.000000E+00 0.000000E+00 6.092364E+08 -6.582992E+08 4.658117E+09 0.000000E+00
   1.978400E+08 -1.037804E+07 0.000000E+00 0.000000E+00 0.000000E+00 9.960057E+08

   5.401104E+02 0.000000E+00 0.000000E+00 0.000000E+00 0.000000E+00 -1.240563E+02
   0.000000E+00 5.401104E+02 0.000000E+00 0.000000E+00 0.000000E+00 -3.699610E+01
   0.000000E+00 0.000000E+00 5.401104E+02 1.240563E+02 3.699610E+01 0.000000E+00
   0.000000E+00 0.000000E+00 1.240563E+02 1.149004E+03 -5.238129E+01 0.000000E+00
   0.000000E+00 0.000000E+00 3.699610E+01 -5.238129E+01 2.623090E+02 0.000000E+00
   -1.240563E+02 -3.699610E+01 0.000000E+00 0.000000E+00 0.000000E+00 1.411313E+03

0.383838
   4.220777E+08 8.000504E+06 0.000000E+00 0.000000E+00 0.000000E+00 1.901906E+08
   8.000504E+06 5.377926E+08 0.000000E+00 0.000000E+00 0.000000E+00 -9.836044E+06
   0.000000E+00 0.000000E+00 7.967060E+09 3.032718E+08 5.870254E+08 0.000000E+00
   0.000000E+00 0.000000E+00 3.032718E+08 1.359275E+10 -6.168637E+08 0.000000E+00
   0.000000E+00 0.000000E+00 5.870254E+08 -6.168637E+08 4.379290E+09 0.000000E+00
   1.901906E+08 -9.836044E+06 0.000000E+00 0.000000E+00 0.000000E+00 9.269258E+08

   5.307240E+02 0.000000E+00 0.000000E+00 0.000000E+00 0.000000E+00 -1.171373E+02
   0.000000E+00 5.307240E+02 0.000000E+00 0.000000E+00 0.000000E+00 -3.544781E+01
   0.000000E+00 0.000000E+00 5.307240E+02 1.171373E+02 3.544781E+01 0.000000E+00
   0.000000E+00 0.000000E+00 1.171373E+02 1.093413E+03 -4.912295E+01 0.000000E+00
   0.000000E+00 0.000000E+00 3.544781E+01 -4.912295E+01 2.462809E+02 0.000000E+00
   -1.171373E+02 -3.544781E+01 0.000000E+00 0.000000E+00 0.000000E+00 1.339694E+03

0.393939
   4.113619E+08 8.051370E+06 0.000000E+00 0.000000E+00 0.000000E+00 1.822986E+08
   8.051370E+06 5.319504E+08 0.000000E+00 0.000000E+00 0.000000E+00 -8.884390E+06
   0.000000E+00 0.000000E+00 7.878082E+09 2.826235E+08 5.609694E+08 0.000000E+00
   0.000000E+00 0.000000E+00 2.826235E+08 1.303919E+10 -5.760135E+08 0.000000E+00
   0.000000E+00 0.000000E+00 5.609694E+08 -5.760135E+08 4.140408E+09 0.000000E+00
   1.822986E+08 -8.884390E+06 0.000000E+00 0.000000E+00 0.000000E+00 8.766122E+08

